0 0.030990 0.264815 0.060937 0.233333
0 0.104688 0.268981 0.058333 0.247222
0 0.187500 0.254630 0.053125 0.218519
0 0.274479 0.256481 0.061458 0.222222
0 0.359375 0.279630 0.063542 0.264815
0 0.446354 0.264352 0.059375 0.232407
0 0.530729 0.266204 0.060417 0.239815
0 0.616667 0.259259 0.062500 0.225926
0 0.699479 0.267593 0.079167 0.237037
0 0.791146 0.275000 0.072917 0.253704
0 0.872135 0.262037 0.056771 0.229630
0 0.953125 0.248611 0.068750 0.200926
0 0.951042 0.546759 0.077083 0.252778
0 0.867969 0.552778 0.068229 0.259259
0 0.783854 0.550463 0.072917 0.243519
0 0.698177 0.553704 0.069271 0.248148
0 0.612500 0.552315 0.065625 0.247222
0 0.527865 0.570833 0.066146 0.234259
0 0.440625 0.570370 0.063542 0.224074
0 0.358594 0.561574 0.060937 0.239815
0 0.272396 0.556481 0.059375 0.248148
0 0.185156 0.533796 0.064062 0.299074
0 0.098958 0.541667 0.066667 0.285185
0 0.025781 0.538889 0.050521 0.294444
0 0.030469 0.896759 0.059896 0.195370
0 0.112500 0.895833 0.066667 0.204630
0 0.196615 0.898148 0.058854 0.203704
0 0.280208 0.898148 0.057292 0.203704
0 0.365885 0.896759 0.064062 0.206481
0 0.446094 0.897222 0.072396 0.205556
0 0.538021 0.898148 0.063542 0.203704
0 0.624740 0.895370 0.061979 0.209259
0 0.711719 0.895370 0.059896 0.209259
0 0.797917 0.895370 0.073958 0.209259
0 0.881510 0.898148 0.070312 0.203704
0 0.968490 0.895370 0.061979 0.207407
