0 0.030990 0.305556 0.060937 0.233333
0 0.106771 0.302315 0.058333 0.247222
0 0.189844 0.288426 0.054688 0.225000
0 0.275521 0.292130 0.063542 0.243519
0 0.359115 0.312963 0.063021 0.281481
0 0.446094 0.295370 0.057813 0.244444
0 0.531510 0.305556 0.061979 0.257407
0 0.616667 0.280556 0.062500 0.225926
0 0.699740 0.303241 0.079687 0.275000
0 0.789062 0.302315 0.068750 0.275000
0 0.871615 0.292593 0.058854 0.253704
0 0.957812 0.279167 0.073958 0.232407
0 0.945312 0.590278 0.077083 0.252778
0 0.868490 0.593519 0.068229 0.259259
0 0.782813 0.588889 0.072917 0.244444
0 0.699740 0.596296 0.069271 0.248148
0 0.613542 0.590278 0.065625 0.247222
0 0.527865 0.605093 0.066146 0.234259
0 0.442188 0.605556 0.063542 0.224074
0 0.358594 0.604167 0.060937 0.239815
0 0.273438 0.597222 0.059375 0.248148
0 0.187240 0.577315 0.064062 0.299074
0 0.098437 0.582407 0.066667 0.285185
0 0.026302 0.579630 0.051562 0.294444
0 0.030469 0.920833 0.059896 0.149074
0 0.110937 0.918981 0.062500 0.160185
0 0.196094 0.922222 0.057813 0.155556
0 0.278646 0.917130 0.054167 0.165741
0 0.365365 0.917130 0.063021 0.165741
0 0.446615 0.918056 0.073438 0.163889
0 0.540365 0.915741 0.068229 0.168519
0 0.625000 0.915278 0.062500 0.169444
0 0.713021 0.915741 0.062500 0.168519
0 0.796615 0.915741 0.071354 0.168519
0 0.881771 0.918056 0.069792 0.163889
0 0.968490 0.918056 0.061979 0.162037
