0 0.957031 0.315741 0.064062 0.222222
0 0.874740 0.330556 0.058854 0.246296
0 0.789062 0.343519 0.060417 0.270370
0 0.701823 0.340278 0.071354 0.282407
0 0.617188 0.321296 0.066667 0.229630
0 0.532552 0.335648 0.055729 0.245370
0 0.446354 0.337037 0.059375 0.248148
0 0.360417 0.351389 0.061458 0.280556
0 0.277865 0.328704 0.052604 0.237037
0 0.189844 0.323611 0.056771 0.232407
0 0.108073 0.341667 0.058854 0.250000
0 0.028906 0.341204 0.056771 0.228704
0 0.026042 0.615278 0.051042 0.265741
0 0.099219 0.630093 0.073438 0.291667
0 0.188021 0.622685 0.062500 0.312037
0 0.276042 0.643519 0.053125 0.255556
0 0.361458 0.640741 0.065625 0.238889
0 0.445052 0.651852 0.064062 0.229630
0 0.530469 0.644444 0.060937 0.224074
0 0.613281 0.633333 0.058854 0.238889
0 0.702865 0.636111 0.058854 0.240741
0 0.788021 0.637037 0.062500 0.250000
0 0.872656 0.634722 0.064062 0.262037
0 0.959896 0.623611 0.058333 0.239815
0 0.967969 0.937500 0.057813 0.125000
0 0.887760 0.941667 0.067187 0.116667
0 0.800260 0.945833 0.070312 0.108333
0 0.713802 0.939815 0.058854 0.120370
0 0.628646 0.938426 0.058333 0.123148
0 0.540104 0.937500 0.068750 0.125000
0 0.451302 0.938889 0.067187 0.122222
0 0.368490 0.937500 0.060937 0.125000
0 0.281250 0.938426 0.059375 0.123148
0 0.198698 0.938426 0.060937 0.123148
0 0.111719 0.938889 0.064062 0.122222
0 0.030990 0.941204 0.059896 0.117593
