0 0.031250 0.318519 0.061458 0.233333
0 0.107552 0.318981 0.058854 0.247222
0 0.190104 0.305093 0.054167 0.225000
0 0.277083 0.310648 0.063542 0.243519
0 0.359115 0.330093 0.063021 0.280556
0 0.446354 0.313889 0.058333 0.244444
0 0.530990 0.320370 0.061979 0.257407
0 0.616146 0.300926 0.062500 0.225926
0 0.698177 0.325463 0.079687 0.275000
0 0.788021 0.325463 0.068750 0.275000
0 0.871094 0.314815 0.058854 0.253704
0 0.954948 0.300463 0.073438 0.234259
0 0.951562 0.602315 0.077083 0.252778
0 0.870573 0.617593 0.068229 0.259259
0 0.789583 0.617130 0.072917 0.243519
0 0.699740 0.621296 0.069271 0.248148
0 0.610938 0.606019 0.065625 0.247222
0 0.528125 0.627315 0.065625 0.234259
0 0.441667 0.628704 0.063542 0.224074
0 0.358073 0.620833 0.060937 0.239815
0 0.274479 0.621296 0.059375 0.248148
0 0.186979 0.603241 0.064583 0.299074
0 0.101823 0.605556 0.067187 0.285185
0 0.027083 0.598148 0.053125 0.292593
0 0.029948 0.930093 0.058854 0.132407
0 0.111198 0.929167 0.061979 0.141667
0 0.197656 0.929630 0.058854 0.140741
0 0.280469 0.927315 0.057813 0.145370
0 0.367448 0.926389 0.066146 0.147222
0 0.448698 0.927778 0.075521 0.144444
0 0.541927 0.927315 0.069271 0.145370
0 0.627344 0.924537 0.067187 0.150926
0 0.713802 0.927315 0.064062 0.145370
0 0.796875 0.922685 0.069792 0.154630
0 0.883333 0.928241 0.070833 0.143519
0 0.966927 0.925463 0.066146 0.147222
