0 0.028646 0.381019 0.056250 0.237963
0 0.107813 0.381019 0.058333 0.245370
0 0.190365 0.362963 0.050521 0.218519
0 0.278125 0.368519 0.059375 0.237037
0 0.359635 0.393981 0.070312 0.289815
0 0.446615 0.378704 0.066146 0.251852
0 0.531771 0.377778 0.063542 0.246296
0 0.616146 0.362500 0.065625 0.243519
0 0.698438 0.384722 0.071875 0.280556
0 0.788542 0.364815 0.063542 0.229630
0 0.875521 0.361574 0.058333 0.230556
0 0.958594 0.359722 0.066146 0.230556
0 0.953125 0.663889 0.068750 0.235185
0 0.874740 0.674537 0.063021 0.252778
0 0.790885 0.672222 0.066146 0.248148
0 0.699740 0.676389 0.067187 0.247222
0 0.611719 0.666667 0.064062 0.253704
0 0.527083 0.683333 0.065625 0.229630
0 0.442188 0.692593 0.066667 0.231481
0 0.357292 0.681481 0.062500 0.235185
0 0.274219 0.677778 0.059896 0.255556
0 0.188542 0.653241 0.066667 0.306481
0 0.100260 0.665741 0.069271 0.279630
0 0.027865 0.653704 0.054688 0.298148
0 0.030469 0.960185 0.059896 0.079630
0 0.112240 0.959259 0.060937 0.081481
0 0.199740 0.956019 0.057813 0.087963
0 0.280990 0.956481 0.058854 0.085185
0 0.366667 0.956019 0.060417 0.086111
0 0.457292 0.956481 0.064583 0.085185
0 0.539844 0.959259 0.070312 0.081481
0 0.629687 0.956019 0.066667 0.086111
0 0.713021 0.955556 0.064583 0.088889
0 0.799740 0.953704 0.076563 0.092593
0 0.884115 0.957870 0.067187 0.082407
0 0.965885 0.955093 0.067187 0.089815
