0 0.030729 0.287963 0.060417 0.233333
0 0.105729 0.285648 0.058333 0.247222
0 0.191406 0.269907 0.054688 0.225000
0 0.277604 0.271759 0.063542 0.243519
0 0.360677 0.293981 0.063021 0.280556
0 0.446094 0.273148 0.057813 0.244444
0 0.529427 0.282407 0.061979 0.257407
0 0.616667 0.269444 0.062500 0.225926
0 0.701823 0.285648 0.079687 0.275000
0 0.788542 0.286574 0.068750 0.275000
0 0.872135 0.273148 0.058854 0.253704
0 0.957292 0.261574 0.073958 0.232407
0 0.953125 0.568056 0.077083 0.252778
0 0.868490 0.574074 0.068229 0.259259
0 0.783854 0.573611 0.072917 0.243519
0 0.699219 0.574074 0.069271 0.248148
0 0.613021 0.565278 0.065625 0.247222
0 0.525260 0.587500 0.066146 0.234259
0 0.441667 0.584259 0.063542 0.224074
0 0.359635 0.582870 0.060937 0.239815
0 0.274479 0.575926 0.059375 0.248148
0 0.186198 0.554167 0.064062 0.299074
0 0.100000 0.561111 0.066667 0.285185
0 0.026042 0.579630 0.051042 0.294444
0 0.030729 0.908333 0.060417 0.172222
0 0.109896 0.908796 0.061458 0.178704
0 0.195833 0.909259 0.057292 0.181481
0 0.279167 0.910648 0.055208 0.178704
0 0.366667 0.908796 0.065625 0.182407
0 0.447917 0.912037 0.076042 0.175926
0 0.541146 0.906481 0.069792 0.187037
0 0.624740 0.906481 0.061979 0.187037
0 0.713281 0.909722 0.063021 0.180556
0 0.796094 0.906019 0.070312 0.187963
0 0.880469 0.909722 0.068229 0.180556
0 0.967187 0.906481 0.065625 0.187037
