0 0.952344 0.334259 0.071354 0.214815
0 0.873958 0.354167 0.060417 0.256481
0 0.789062 0.360185 0.061458 0.281481
0 0.701042 0.356019 0.072917 0.276852
0 0.618490 0.343981 0.071354 0.234259
0 0.530469 0.361574 0.060937 0.247222
0 0.446875 0.356944 0.064583 0.250926
0 0.359896 0.377778 0.067708 0.290741
0 0.277604 0.350000 0.055208 0.235185
0 0.189844 0.346296 0.056771 0.227778
0 0.105990 0.366204 0.063021 0.236111
0 0.029687 0.361111 0.058333 0.231481
0 0.026562 0.635185 0.052083 0.287037
0 0.098958 0.645833 0.071875 0.295370
0 0.190104 0.639352 0.057292 0.308333
0 0.278385 0.658333 0.060937 0.251852
0 0.360677 0.663889 0.071354 0.240741
0 0.444271 0.673148 0.068750 0.229630
0 0.530729 0.666667 0.057292 0.235185
0 0.614323 0.648148 0.061979 0.250000
0 0.701042 0.660185 0.069792 0.250000
0 0.788021 0.655556 0.062500 0.240741
0 0.873437 0.657407 0.058333 0.259259
0 0.957552 0.643981 0.064062 0.243519
0 0.973177 0.943981 0.053646 0.102778
0 0.890625 0.950926 0.063542 0.098148
0 0.805208 0.950463 0.060417 0.099074
0 0.716927 0.951389 0.052604 0.097222
0 0.628906 0.949537 0.055729 0.100926
0 0.542188 0.952315 0.062500 0.095370
0 0.457031 0.948148 0.061979 0.103704
0 0.367708 0.946759 0.057292 0.106481
0 0.282552 0.946296 0.055729 0.107407
0 0.198177 0.950463 0.055729 0.099074
0 0.111198 0.949074 0.058854 0.101852
0 0.028906 0.950926 0.056771 0.096296
