0 0.028646 0.248611 0.056250 0.202778
0 0.104167 0.246296 0.055208 0.201852
0 0.185417 0.235648 0.053125 0.178704
0 0.274479 0.237500 0.061458 0.182407
0 0.358073 0.261111 0.069271 0.231481
0 0.444792 0.246759 0.059375 0.200926
0 0.527083 0.247685 0.060417 0.202778
0 0.614323 0.236111 0.061979 0.177778
0 0.697135 0.252778 0.077604 0.212963
0 0.786979 0.254167 0.067708 0.215741
0 0.871094 0.243981 0.056771 0.197222
0 0.954948 0.234722 0.070312 0.175000
0 0.952083 0.506944 0.077083 0.252778
0 0.870052 0.511111 0.068229 0.259259
0 0.781250 0.518056 0.072917 0.243519
0 0.694531 0.514815 0.069271 0.248148
0 0.611979 0.506944 0.065625 0.247222
0 0.527865 0.533796 0.066146 0.234259
0 0.440104 0.537037 0.063542 0.224074
0 0.353906 0.530093 0.060937 0.239815
0 0.272917 0.520370 0.059375 0.248148
0 0.185677 0.496759 0.064062 0.299074
0 0.098958 0.498148 0.066667 0.285185
0 0.025781 0.498611 0.050521 0.295370
0 0.029687 0.880093 0.058333 0.228704
0 0.112240 0.879167 0.066146 0.237963
0 0.195833 0.878241 0.057292 0.243519
0 0.281250 0.880093 0.059375 0.239815
0 0.365625 0.878241 0.063542 0.243519
0 0.449740 0.885185 0.077604 0.229630
0 0.538802 0.873611 0.078646 0.252778
0 0.623698 0.876852 0.069271 0.240741
0 0.711458 0.873611 0.067708 0.228704
0 0.794792 0.875926 0.076042 0.248148
0 0.883854 0.876852 0.072917 0.246296
0 0.966927 0.879630 0.066146 0.240741
