0 0.029167 0.252315 0.057292 0.212037
0 0.103646 0.256944 0.059375 0.221296
0 0.186198 0.236574 0.052604 0.197222
0 0.275781 0.244907 0.064062 0.195370
0 0.359115 0.271296 0.064062 0.244444
0 0.446094 0.257407 0.058854 0.216667
0 0.528906 0.254167 0.060937 0.215741
0 0.616927 0.244907 0.065104 0.200926
0 0.699219 0.263889 0.076563 0.233333
0 0.785677 0.264815 0.071354 0.237037
0 0.871615 0.254167 0.058854 0.219444
0 0.955990 0.241204 0.073438 0.189815
0 0.952604 0.529167 0.077083 0.252778
0 0.865625 0.533796 0.064583 0.256481
0 0.787760 0.532407 0.071354 0.240741
0 0.698698 0.537963 0.069271 0.248148
0 0.612500 0.534722 0.065625 0.247222
0 0.526823 0.550463 0.066146 0.234259
0 0.442708 0.548148 0.063542 0.224074
0 0.357031 0.544907 0.060937 0.239815
0 0.272917 0.539815 0.059375 0.248148
0 0.187240 0.513426 0.064062 0.299074
0 0.099479 0.525000 0.066667 0.285185
0 0.025781 0.515741 0.050521 0.294444
0 0.030469 0.887500 0.059896 0.213889
0 0.111458 0.887963 0.064583 0.220370
0 0.197396 0.886111 0.060417 0.227778
0 0.279687 0.888889 0.056250 0.222222
0 0.367188 0.886574 0.066667 0.226852
0 0.448698 0.886574 0.077604 0.226852
0 0.540365 0.886574 0.068229 0.226852
0 0.625000 0.886574 0.062500 0.226852
0 0.711719 0.887963 0.059896 0.224074
0 0.794271 0.889352 0.066667 0.221296
0 0.880729 0.890278 0.068750 0.219444
0 0.965104 0.884259 0.068750 0.229630
