0 0.029948 0.237037 0.058854 0.179630
0 0.104688 0.237037 0.057292 0.181481
0 0.187500 0.224537 0.052083 0.158333
0 0.274740 0.229630 0.061979 0.166667
0 0.357031 0.250463 0.063021 0.212037
0 0.444271 0.233333 0.063542 0.175926
0 0.527604 0.238426 0.056250 0.178704
0 0.612500 0.225926 0.059375 0.159259
0 0.697135 0.244444 0.073438 0.198148
0 0.785417 0.244907 0.064583 0.197222
0 0.872135 0.237037 0.056771 0.179630
0 0.952604 0.225463 0.068750 0.160185
0 0.950521 0.488426 0.077083 0.252778
0 0.865885 0.493056 0.068229 0.260185
0 0.781771 0.496296 0.072917 0.244444
0 0.697135 0.499537 0.069271 0.249074
0 0.609896 0.490741 0.065625 0.248148
0 0.528385 0.507407 0.066146 0.235185
0 0.440625 0.511574 0.063542 0.225000
0 0.353385 0.508333 0.060937 0.240741
0 0.272396 0.494444 0.059375 0.248148
0 0.183594 0.474537 0.064062 0.299074
0 0.097917 0.480093 0.066667 0.286111
0 0.025781 0.476852 0.050521 0.294444
0 0.032031 0.857407 0.063021 0.229630
0 0.109375 0.862500 0.066667 0.252778
0 0.196615 0.868519 0.069271 0.250000
0 0.279687 0.863426 0.063542 0.245370
0 0.363281 0.866667 0.067187 0.266667
0 0.447917 0.868981 0.080208 0.262037
0 0.539062 0.868056 0.080208 0.263889
0 0.622656 0.862037 0.067187 0.251852
0 0.708333 0.855556 0.071875 0.229630
0 0.793229 0.863426 0.076042 0.254630
0 0.878385 0.867130 0.076563 0.252778
0 0.963542 0.867130 0.072917 0.262037
