0 0.030729 0.423148 0.060417 0.301852
0 0.096615 0.432870 0.066146 0.295370
0 0.185417 0.422222 0.066667 0.309259
0 0.270573 0.439352 0.058854 0.245370
0 0.354948 0.449074 0.065104 0.233333
0 0.439844 0.456944 0.057813 0.228704
0 0.525000 0.451852 0.061458 0.225926
0 0.608854 0.429630 0.060417 0.246296
0 0.692708 0.442130 0.073958 0.247222
0 0.783594 0.433333 0.074479 0.240741
0 0.866927 0.436111 0.058854 0.253704
0 0.952083 0.439352 0.073958 0.232407
0 0.961458 0.812500 0.077083 0.252778
0 0.879427 0.801852 0.068229 0.259259
0 0.796354 0.804167 0.072917 0.243519
0 0.711719 0.796296 0.069271 0.248148
0 0.623958 0.802315 0.065625 0.247222
0 0.534896 0.810648 0.062500 0.262037
0 0.446875 0.814352 0.061458 0.258333
0 0.361979 0.809259 0.057292 0.261111
0 0.278646 0.800000 0.059375 0.248148
0 0.190885 0.808796 0.058854 0.256481
0 0.105990 0.805556 0.064062 0.244444
0 0.026042 0.802778 0.046875 0.235185
0 0.023958 0.986111 0.046875 0.025926
0 0.446094 0.982870 0.072396 0.034259
0 0.538542 0.974074 0.064583 0.051852
0 0.619792 0.985185 0.053125 0.029630
0 0.791927 0.986574 0.061979 0.026852
0 0.871354 0.983796 0.055208 0.032407
0 0.955208 0.981481 0.046875 0.035185
0 0.952083 0.190741 0.063542 0.090741
0 0.864583 0.208333 0.058333 0.120370
0 0.781771 0.219907 0.054167 0.147222
0 0.694531 0.215278 0.070312 0.137963
0 0.610156 0.195370 0.060937 0.103704
0 0.525521 0.207870 0.064583 0.123148
0 0.441406 0.208333 0.069271 0.114815
0 0.353906 0.215741 0.061979 0.144444
0 0.269010 0.199537 0.063021 0.106481
0 0.182552 0.197222 0.055729 0.096296
0 0.099740 0.210185 0.060937 0.118519
0 0.028125 0.207407 0.055208 0.124074
