0 0.948177 0.296296 0.066146 0.250000
0 0.864583 0.305093 0.071875 0.250926
0 0.781250 0.305093 0.058333 0.237963
0 0.691667 0.310648 0.061458 0.245370
0 0.604167 0.306019 0.055208 0.236111
0 0.520052 0.318981 0.057813 0.223148
0 0.433854 0.325926 0.056250 0.218519
0 0.350781 0.314815 0.066146 0.235185
0 0.267969 0.305556 0.057813 0.250000
0 0.180729 0.294907 0.065625 0.293519
0 0.094792 0.292130 0.061458 0.286111
0 0.022917 0.290741 0.044792 0.277778
0 0.027083 0.668056 0.050000 0.228704
0 0.105469 0.671296 0.058854 0.244444
0 0.190625 0.675463 0.057292 0.237963
0 0.276823 0.667130 0.056771 0.236111
0 0.359115 0.677778 0.063021 0.255556
0 0.441667 0.684259 0.070833 0.248148
0 0.530729 0.678241 0.062500 0.256481
0 0.615365 0.672222 0.050521 0.238889
0 0.704427 0.664815 0.058854 0.235185
0 0.789062 0.673148 0.064583 0.246296
0 0.869792 0.673611 0.068750 0.247222
0 0.958594 0.678241 0.072396 0.269444
0 0.953125 0.918056 0.066667 0.163889
0 0.867969 0.922685 0.056771 0.154630
0 0.785417 0.918981 0.063542 0.162037
0 0.698438 0.938426 0.057292 0.123148
0 0.608333 0.918056 0.063542 0.163889
0 0.527604 0.907407 0.063542 0.185185
0 0.444792 0.918056 0.064583 0.163889
0 0.358594 0.929167 0.060937 0.141667
0 0.274219 0.936574 0.058854 0.126852
0 0.190625 0.923611 0.057292 0.152778
0 0.103125 0.929167 0.058333 0.141667
0 0.026823 0.920370 0.051562 0.159259
