0 0.949479 0.320833 0.062500 0.243519
0 0.863021 0.325463 0.062500 0.262037
0 0.777865 0.323148 0.063021 0.244444
0 0.694271 0.329630 0.062500 0.244444
0 0.604427 0.320370 0.058854 0.231481
0 0.523438 0.338889 0.054167 0.225926
0 0.432292 0.343056 0.065625 0.223148
0 0.349740 0.333333 0.064062 0.227778
0 0.265365 0.326852 0.061979 0.259259
0 0.180729 0.304630 0.068750 0.303704
0 0.093490 0.309259 0.063021 0.283333
0 0.023958 0.306481 0.046875 0.300000
0 0.027344 0.686111 0.053646 0.227778
0 0.105729 0.690278 0.059375 0.237963
0 0.192708 0.694444 0.059375 0.253704
0 0.275000 0.691667 0.060417 0.248148
0 0.359896 0.698148 0.064583 0.251852
0 0.439063 0.698148 0.072917 0.253704
0 0.528906 0.693981 0.067187 0.267593
0 0.615365 0.690278 0.068229 0.249074
0 0.702344 0.682870 0.065104 0.234259
0 0.788542 0.691204 0.072917 0.252778
0 0.878125 0.694444 0.069792 0.250000
0 0.960677 0.698148 0.071354 0.264815
0 0.950260 0.925926 0.064062 0.148148
0 0.862500 0.931944 0.077083 0.136111
0 0.784375 0.927315 0.065625 0.145370
0 0.695573 0.945833 0.060937 0.108333
0 0.608333 0.927778 0.065625 0.144444
0 0.528125 0.919907 0.058333 0.160185
0 0.442708 0.927778 0.062500 0.144444
0 0.359375 0.936574 0.059375 0.126852
0 0.272396 0.947685 0.055208 0.104630
0 0.190885 0.934259 0.058854 0.131481
0 0.103385 0.937037 0.056771 0.125926
0 0.027083 0.928241 0.053125 0.143519
