0 0.948177 0.335648 0.069271 0.245370
0 0.862760 0.345833 0.065104 0.258333
0 0.780469 0.340278 0.060937 0.241667
0 0.692448 0.347685 0.063021 0.243519
0 0.605729 0.341667 0.055208 0.238889
0 0.521354 0.361574 0.057292 0.226852
0 0.433333 0.365278 0.061458 0.228704
0 0.348698 0.354630 0.063021 0.231481
0 0.265885 0.342130 0.061979 0.256481
0 0.180990 0.324074 0.064062 0.305556
0 0.093750 0.323148 0.065625 0.274074
0 0.352865 0.173611 0.055729 0.050926
0 0.023438 0.324537 0.045833 0.297222
0 0.027344 0.704167 0.053646 0.221296
0 0.103906 0.712037 0.061979 0.231481
0 0.192708 0.712500 0.066667 0.249074
0 0.276302 0.709259 0.061979 0.242593
0 0.362760 0.715741 0.059896 0.262963
0 0.441667 0.716667 0.071875 0.259259
0 0.530990 0.718981 0.063021 0.265741
0 0.614583 0.710648 0.059375 0.245370
0 0.704427 0.704630 0.060937 0.240741
0 0.789323 0.711111 0.068229 0.246296
0 0.872135 0.715278 0.067187 0.254630
0 0.960938 0.719444 0.063542 0.270370
0 0.953906 0.937037 0.061979 0.125926
0 0.872396 0.941667 0.054167 0.116667
0 0.783073 0.938426 0.066146 0.123148
0 0.697917 0.956944 0.062500 0.086111
0 0.609896 0.938426 0.060417 0.123148
0 0.528646 0.929167 0.064583 0.141667
0 0.444531 0.935185 0.072396 0.129630
0 0.359635 0.950463 0.058854 0.099074
0 0.273958 0.958333 0.056250 0.083333
0 0.189844 0.943519 0.057813 0.112963
0 0.105729 0.946759 0.059375 0.106481
0 0.027604 0.938889 0.053125 0.122222
