0 0.951302 0.168056 0.059896 0.049074
0 0.869010 0.186111 0.056771 0.079630
0 0.780208 0.198148 0.063542 0.103704
0 0.693490 0.195833 0.074479 0.099074
0 0.609115 0.178241 0.058854 0.063889
0 0.525260 0.192130 0.064062 0.087963
0 0.439583 0.186574 0.059375 0.076852
0 0.352865 0.203241 0.069271 0.108333
0 0.271875 0.181481 0.060417 0.070370
0 0.181510 0.177315 0.054688 0.058333
0 0.100260 0.188889 0.058854 0.085185
0 0.025521 0.189352 0.050000 0.084259
0 0.024479 0.380093 0.047917 0.297222
0 0.098958 0.389815 0.063542 0.288889
0 0.187240 0.383333 0.063021 0.303704
0 0.270833 0.406019 0.055208 0.249074
0 0.354167 0.412500 0.066667 0.243519
0 0.439323 0.423148 0.063021 0.233333
0 0.521094 0.410185 0.058854 0.222222
0 0.606250 0.397685 0.057292 0.232407
0 0.693490 0.400000 0.070312 0.244444
0 0.779167 0.399537 0.067708 0.243519
0 0.865104 0.401389 0.060417 0.260185
0 0.952083 0.404167 0.064583 0.265741
0 0.961979 0.770370 0.065625 0.257407
0 0.879948 0.770833 0.063021 0.243519
0 0.793229 0.770370 0.072917 0.250000
0 0.705729 0.759722 0.060417 0.239815
0 0.618490 0.764352 0.066146 0.250926
0 0.530469 0.773148 0.070312 0.262963
0 0.444010 0.779630 0.076563 0.262963
0 0.361719 0.772685 0.067187 0.265741
0 0.279427 0.764815 0.061979 0.250000
0 0.196615 0.768519 0.060937 0.259259
0 0.105729 0.769907 0.062500 0.247222
0 0.026042 0.766667 0.051042 0.240741
0 0.027865 0.965741 0.054688 0.066667
0 0.108333 0.974074 0.051042 0.051852
0 0.191667 0.973611 0.053125 0.052778
0 0.363281 0.972222 0.055729 0.055556
0 0.447135 0.964815 0.064062 0.070370
0 0.532552 0.958333 0.063021 0.083333
0 0.615104 0.966204 0.054167 0.067593
0 0.786979 0.967593 0.061458 0.064815
0 0.872135 0.968981 0.057813 0.062037
0 0.952604 0.960185 0.055208 0.079630
