0 0.025521 0.168056 0.050000 0.047222
0 0.099740 0.168981 0.059896 0.045370
0 0.180729 0.156019 0.044792 0.021296
0 0.270052 0.163889 0.050521 0.037037
0 0.351823 0.181481 0.068229 0.070370
0 0.441927 0.168981 0.059896 0.045370
0 0.525781 0.171759 0.063021 0.052778
0 0.695052 0.177778 0.064062 0.064815
0 0.779427 0.178241 0.059896 0.063889
0 0.863542 0.171759 0.054167 0.050926
0 0.948698 0.356481 0.064062 0.244444
0 0.862760 0.362500 0.063021 0.256481
0 0.779167 0.364352 0.062500 0.252778
0 0.689844 0.372222 0.056771 0.257407
0 0.606250 0.358796 0.057292 0.236111
0 0.520833 0.375000 0.061458 0.218519
0 0.435677 0.384259 0.061979 0.231481
0 0.349740 0.372222 0.057813 0.231481
0 0.267969 0.366204 0.050521 0.254630
0 0.182292 0.344907 0.062500 0.299074
0 0.092188 0.350926 0.068750 0.281481
0 0.024479 0.345370 0.047917 0.300000
0 0.026302 0.722685 0.051562 0.223148
0 0.103646 0.735648 0.062500 0.239815
0 0.192188 0.732407 0.060417 0.253704
0 0.277083 0.729167 0.057292 0.245370
0 0.361198 0.732870 0.059896 0.262037
0 0.442448 0.741667 0.072396 0.246296
0 0.531250 0.741204 0.061458 0.265741
0 0.616927 0.728241 0.056771 0.252778
0 0.704427 0.722222 0.066146 0.227778
0 0.789062 0.730556 0.066667 0.257407
0 0.870313 0.729630 0.072917 0.259259
0 0.959115 0.738889 0.070312 0.277778
0 0.953385 0.943519 0.065104 0.112963
0 0.868750 0.950926 0.063542 0.098148
0 0.786198 0.947685 0.063021 0.104630
0 0.699740 0.966667 0.059896 0.066667
0 0.611979 0.949074 0.066667 0.101852
0 0.529687 0.939815 0.059375 0.120370
0 0.444010 0.942130 0.069271 0.115741
0 0.361979 0.951389 0.061458 0.097222
0 0.277083 0.962963 0.059375 0.074074
0 0.192188 0.953704 0.059375 0.092593
0 0.107813 0.952778 0.061458 0.094444
0 0.028385 0.945833 0.054688 0.108333
