0 0.031771 0.226852 0.062500 0.159259
0 0.104427 0.225926 0.058854 0.161111
0 0.184896 0.216667 0.054167 0.140741
0 0.272135 0.219907 0.063021 0.143519
0 0.355208 0.248148 0.063542 0.201852
0 0.445573 0.225463 0.057813 0.162037
0 0.527083 0.226389 0.061458 0.165741
0 0.612760 0.215278 0.061979 0.145370
0 0.695573 0.236111 0.070312 0.181481
0 0.783594 0.235185 0.068229 0.183333
0 0.866146 0.227778 0.066667 0.161111
0 0.947917 0.204630 0.071875 0.114815
0 0.952865 0.468056 0.073438 0.243519
0 0.866927 0.477778 0.068229 0.259259
0 0.784375 0.476389 0.072917 0.243519
0 0.694531 0.477778 0.069271 0.248148
0 0.610156 0.474537 0.064062 0.232407
0 0.523177 0.487963 0.066146 0.235185
0 0.440625 0.489352 0.063542 0.225000
0 0.354427 0.487037 0.060937 0.240741
0 0.271875 0.477315 0.059375 0.249074
0 0.185677 0.456481 0.064062 0.300000
0 0.097917 0.464352 0.066667 0.286111
0 0.025781 0.457870 0.050521 0.295370
0 0.029167 0.838426 0.057292 0.230556
0 0.109635 0.841667 0.066146 0.248148
0 0.195052 0.847222 0.058854 0.251852
0 0.282813 0.843519 0.058333 0.248148
0 0.363021 0.846296 0.062500 0.264815
0 0.446615 0.852315 0.079687 0.260185
0 0.535417 0.848148 0.073958 0.274074
0 0.621354 0.841667 0.069792 0.257407
0 0.705729 0.830556 0.070833 0.240741
0 0.790625 0.843519 0.079167 0.253704
0 0.882031 0.843981 0.076563 0.241667
0 0.964323 0.850463 0.071354 0.271296
