0 0.948177 0.373611 0.061979 0.252778
0 0.863281 0.382870 0.071354 0.260185
0 0.779948 0.380093 0.064062 0.247222
0 0.692448 0.386574 0.066146 0.241667
0 0.605729 0.380556 0.062500 0.233333
0 0.521615 0.400000 0.060937 0.207407
0 0.437500 0.400463 0.067708 0.219444
0 0.351302 0.389352 0.060937 0.228704
0 0.270052 0.387963 0.060937 0.250000
0 0.184635 0.363426 0.064062 0.304630
0 0.096354 0.367593 0.061458 0.283333
0 0.022917 0.362500 0.044792 0.289815
0 0.026302 0.176852 0.051562 0.055556
0 0.100781 0.175926 0.061979 0.064815
0 0.183333 0.166667 0.051042 0.042593
0 0.269792 0.171759 0.060417 0.050926
0 0.351302 0.193981 0.067187 0.100926
0 0.439063 0.175463 0.058333 0.058333
0 0.524740 0.177315 0.058854 0.062037
0 0.609896 0.167593 0.054167 0.042593
0 0.692708 0.186111 0.066667 0.079630
0 0.779427 0.187963 0.058854 0.083333
0 0.864583 0.177778 0.059375 0.059259
0 0.962760 0.756944 0.068229 0.254630
0 0.875781 0.756019 0.077604 0.243519
0 0.792708 0.750463 0.063542 0.247222
0 0.705729 0.739815 0.057292 0.225926
0 0.618490 0.750463 0.060937 0.252778
0 0.533073 0.759722 0.065104 0.258333
0 0.441927 0.761111 0.071354 0.261111
0 0.362760 0.753704 0.061979 0.259259
0 0.276823 0.746296 0.050521 0.244444
0 0.191927 0.750463 0.054688 0.254630
0 0.105208 0.750926 0.063542 0.248148
0 0.026302 0.743519 0.051562 0.222222
0 0.027083 0.957407 0.053125 0.085185
0 0.105990 0.964352 0.054688 0.071296
0 0.191927 0.962963 0.056771 0.074074
0 0.277604 0.974537 0.056250 0.050926
0 0.363542 0.964352 0.055208 0.071296
0 0.444271 0.954167 0.068750 0.091667
0 0.531250 0.949074 0.058333 0.101852
0 0.611719 0.960185 0.056771 0.079630
0 0.699219 0.974537 0.058854 0.050926
0 0.789062 0.955556 0.058333 0.088889
0 0.872135 0.956019 0.058854 0.087963
0 0.954948 0.950926 0.061979 0.098148
