0 0.029167 0.215278 0.057292 0.143519
0 0.103125 0.220370 0.055208 0.146296
0 0.185938 0.207407 0.054167 0.118519
0 0.271875 0.210648 0.061458 0.128704
0 0.357552 0.236574 0.067187 0.184259
0 0.444010 0.218056 0.058854 0.147222
0 0.527083 0.216667 0.060417 0.137037
0 0.612500 0.209259 0.057292 0.125926
0 0.696094 0.228241 0.072396 0.163889
0 0.785677 0.227315 0.063021 0.162037
0 0.869531 0.212037 0.063021 0.137037
0 0.952865 0.201389 0.066146 0.108333
0 0.955729 0.448148 0.077083 0.253704
0 0.863802 0.456944 0.068229 0.260185
0 0.781250 0.452778 0.072917 0.244444
0 0.695573 0.453241 0.069271 0.249074
0 0.611458 0.456019 0.065625 0.247222
0 0.524740 0.473148 0.066146 0.235185
0 0.440104 0.473611 0.063542 0.225000
0 0.352865 0.464815 0.060937 0.240741
0 0.271875 0.461574 0.059375 0.249074
0 0.186719 0.439815 0.064062 0.300000
0 0.097917 0.446759 0.066667 0.286111
0 0.025781 0.443519 0.050521 0.294444
0 0.029948 0.818519 0.058854 0.229630
0 0.108854 0.825926 0.064583 0.250000
0 0.195312 0.830093 0.060417 0.252778
0 0.280208 0.822685 0.057292 0.249074
0 0.361458 0.827778 0.070833 0.261111
0 0.449219 0.834259 0.075521 0.264815
0 0.533333 0.832870 0.075000 0.273148
0 0.620573 0.824537 0.067187 0.247222
0 0.706771 0.815741 0.062500 0.229630
0 0.794792 0.824074 0.080208 0.246296
0 0.879427 0.829630 0.077604 0.244444
0 0.963021 0.827315 0.070833 0.262037
