0 0.027344 0.195370 0.053646 0.107407
0 0.100260 0.200463 0.058854 0.104630
0 0.185417 0.185185 0.055208 0.081481
0 0.271615 0.188889 0.059896 0.081481
0 0.352865 0.217593 0.064062 0.138889
0 0.441146 0.195833 0.069792 0.095370
0 0.529167 0.202315 0.069792 0.108333
0 0.609896 0.187037 0.054167 0.083333
0 0.693490 0.204167 0.070312 0.125000
0 0.781771 0.206019 0.063542 0.123148
0 0.865365 0.195370 0.060937 0.100000
0 0.952083 0.181481 0.060417 0.064815
0 0.949479 0.417130 0.069792 0.252778
0 0.863281 0.421759 0.071354 0.256481
0 0.778125 0.419444 0.069792 0.244444
0 0.691927 0.428241 0.070312 0.249074
0 0.604167 0.417130 0.065625 0.239815
0 0.522656 0.432407 0.058854 0.222222
0 0.436719 0.438889 0.060937 0.224074
0 0.352344 0.428241 0.063021 0.232407
0 0.269010 0.421759 0.065104 0.254630
0 0.182812 0.400463 0.062500 0.299074
0 0.098177 0.402778 0.065104 0.277778
0 0.022656 0.400926 0.044271 0.300000
0 0.026302 0.781944 0.051562 0.221296
0 0.107813 0.790741 0.058333 0.235185
0 0.193229 0.789352 0.062500 0.245370
0 0.280469 0.785648 0.056771 0.249074
0 0.363021 0.792130 0.059375 0.263889
0 0.443750 0.794444 0.073958 0.272222
0 0.531250 0.793519 0.063542 0.270370
0 0.618750 0.785185 0.061458 0.253704
0 0.708333 0.779630 0.065625 0.237037
0 0.791667 0.785648 0.072917 0.269444
0 0.879167 0.793519 0.071875 0.264815
0 0.963281 0.791204 0.073438 0.278704
0 0.955729 0.974537 0.063542 0.050926
0 0.869010 0.974537 0.063021 0.050926
0 0.789583 0.976852 0.059375 0.046296
0 0.619271 0.978704 0.050000 0.042593
0 0.535937 0.966667 0.053125 0.066667
0 0.448698 0.973611 0.057813 0.052778
0 0.026562 0.975000 0.052083 0.040741
