0 0.946615 0.244444 0.066146 0.203704
0 0.858594 0.251852 0.064062 0.212963
0 0.779427 0.242593 0.069271 0.188889
0 0.688281 0.248148 0.060937 0.198148
0 0.605469 0.245833 0.055729 0.195370
0 0.519010 0.250463 0.058854 0.210185
0 0.432552 0.251389 0.063021 0.210185
0 0.347656 0.249074 0.058854 0.207407
0 0.265625 0.250463 0.058333 0.210185
0 0.180990 0.252315 0.064062 0.212037
0 0.091146 0.249074 0.066667 0.205556
0 0.020833 0.251852 0.040625 0.212963
0 0.023438 0.588426 0.045833 0.230556
0 0.104688 0.593519 0.062500 0.240741
0 0.191146 0.594907 0.065625 0.243519
0 0.275000 0.594444 0.057292 0.244444
0 0.358594 0.602315 0.057813 0.252778
0 0.440365 0.603241 0.078646 0.256481
0 0.531250 0.603241 0.068750 0.265741
0 0.617708 0.589815 0.062500 0.240741
0 0.700000 0.583796 0.059375 0.223148
0 0.790104 0.594907 0.062500 0.237963
0 0.869792 0.605093 0.071875 0.247222
0 0.962760 0.600926 0.065104 0.255556
0 0.949479 0.875000 0.063542 0.250000
0 0.868229 0.882870 0.058333 0.234259
0 0.779948 0.878241 0.072396 0.243519
0 0.696875 0.897222 0.057292 0.205556
0 0.608333 0.879630 0.063542 0.240741
0 0.525781 0.868981 0.063021 0.262037
0 0.442708 0.878704 0.061458 0.242593
0 0.355990 0.886574 0.065104 0.226852
0 0.271875 0.897222 0.064583 0.205556
0 0.186198 0.885648 0.064062 0.228704
0 0.113802 0.887963 0.081771 0.224074
0 0.026562 0.881481 0.052083 0.237037
