0 0.022656 0.236574 0.044271 0.171296
0 0.091927 0.227315 0.066146 0.162037
0 0.179688 0.230556 0.063542 0.164815
0 0.264844 0.228241 0.057813 0.163889
0 0.347917 0.229167 0.067708 0.165741
0 0.432812 0.229167 0.064583 0.171296
0 0.520573 0.234259 0.058854 0.170370
0 0.605729 0.228241 0.058333 0.160185
0 0.688281 0.232407 0.068229 0.177778
0 0.777865 0.225463 0.069271 0.160185
0 0.860677 0.231944 0.069271 0.171296
0 0.944531 0.227778 0.070312 0.162963
0 0.962760 0.556481 0.059896 0.253704
0 0.870313 0.560185 0.072917 0.244444
0 0.785937 0.555556 0.067708 0.250000
0 0.702344 0.549537 0.056771 0.228704
0 0.617188 0.550000 0.057292 0.240741
0 0.527344 0.566204 0.069271 0.265741
0 0.439063 0.567130 0.076042 0.263889
0 0.357552 0.567130 0.058854 0.262037
0 0.274740 0.556019 0.060937 0.239815
0 0.188281 0.559259 0.059896 0.251852
0 0.104167 0.555556 0.065625 0.240741
0 0.023958 0.550000 0.046875 0.222222
0 0.025521 0.857870 0.050000 0.260185
0 0.115104 0.866204 0.081250 0.254630
0 0.188802 0.858333 0.064062 0.248148
0 0.273958 0.872685 0.062500 0.236111
0 0.358333 0.857407 0.063542 0.242593
0 0.442708 0.848148 0.061458 0.262963
0 0.526302 0.841667 0.061979 0.287037
0 0.608594 0.850926 0.064062 0.257407
0 0.696615 0.868981 0.058854 0.232407
0 0.781771 0.849537 0.062500 0.276852
0 0.865365 0.848148 0.060937 0.255556
0 0.953906 0.843519 0.059896 0.251852
