0 0.021354 0.224537 0.041667 0.149074
0 0.091146 0.217130 0.066667 0.141667
0 0.180469 0.223611 0.063021 0.154630
0 0.264844 0.221759 0.059896 0.150926
0 0.345313 0.220370 0.065625 0.148148
0 0.430990 0.221759 0.066146 0.150926
0 0.518229 0.220370 0.063542 0.148148
0 0.604948 0.215278 0.059896 0.139815
0 0.688542 0.218519 0.064583 0.150000
0 0.776823 0.216204 0.060937 0.136111
0 0.861198 0.224074 0.063021 0.151852
0 0.945573 0.216204 0.067187 0.136111
0 0.963542 0.540741 0.062500 0.261111
0 0.869010 0.543056 0.074479 0.247222
0 0.786198 0.537500 0.073438 0.247222
0 0.702865 0.529630 0.052604 0.224074
0 0.617969 0.537500 0.054688 0.236111
0 0.533854 0.545370 0.071875 0.248148
0 0.437500 0.545370 0.073958 0.248148
0 0.359115 0.538889 0.063021 0.250000
0 0.273698 0.530556 0.064062 0.237037
0 0.189583 0.537037 0.057292 0.250000
0 0.103906 0.533333 0.061979 0.242593
0 0.024740 0.531944 0.048438 0.228704
0 0.026042 0.840278 0.051042 0.263889
0 0.113802 0.847685 0.080729 0.243519
0 0.191927 0.840278 0.059896 0.260185
0 0.270573 0.856944 0.061979 0.232407
0 0.356771 0.839352 0.073958 0.247222
0 0.441667 0.835185 0.064583 0.274074
0 0.525781 0.824074 0.061979 0.290741
0 0.609375 0.831481 0.062500 0.253704
0 0.694531 0.852315 0.065104 0.228704
0 0.780729 0.831481 0.067708 0.272222
0 0.869792 0.827315 0.068750 0.252778
0 0.953385 0.817130 0.069271 0.254630
