0 0.948177 0.280556 0.066146 0.240741
0 0.863802 0.284722 0.059896 0.252778
0 0.780208 0.283333 0.063542 0.238889
0 0.692448 0.287500 0.061979 0.239815
0 0.606771 0.280556 0.057292 0.222222
0 0.520573 0.298611 0.058854 0.219444
0 0.434375 0.308333 0.057292 0.222222
0 0.349479 0.295833 0.062500 0.230556
0 0.266406 0.287963 0.057813 0.251852
0 0.180990 0.281481 0.060937 0.259259
0 0.092969 0.278241 0.060937 0.265741
0 0.023958 0.279630 0.046875 0.275926
0 0.026042 0.646759 0.051042 0.225000
0 0.103906 0.655556 0.063021 0.235185
0 0.190104 0.661111 0.057292 0.238889
0 0.277344 0.651389 0.060937 0.239815
0 0.359375 0.656944 0.061458 0.256481
0 0.444271 0.666667 0.066667 0.250000
0 0.532292 0.662500 0.064583 0.263889
0 0.616667 0.652778 0.055208 0.244444
0 0.700000 0.649074 0.067708 0.235185
0 0.784896 0.656481 0.065625 0.257407
0 0.871875 0.651852 0.065625 0.246296
0 0.962240 0.660648 0.066146 0.265741
0 0.948958 0.908796 0.067708 0.182407
0 0.865365 0.913889 0.060937 0.172222
0 0.784375 0.906019 0.065625 0.187963
0 0.695833 0.925000 0.059375 0.150000
0 0.610156 0.910648 0.064062 0.178704
0 0.527604 0.900000 0.058333 0.200000
0 0.442188 0.909259 0.066667 0.181481
0 0.357292 0.916667 0.062500 0.166667
0 0.274479 0.929167 0.064583 0.141667
0 0.188802 0.915741 0.059896 0.168519
0 0.103646 0.918519 0.057292 0.162963
0 0.026562 0.908796 0.051042 0.182407
