0 0.022656 0.203241 0.044271 0.113889
0 0.092188 0.201852 0.068750 0.105556
0 0.179167 0.207870 0.065625 0.112037
0 0.265625 0.204167 0.062500 0.112037
0 0.344792 0.201389 0.061458 0.110185
0 0.432292 0.205556 0.065625 0.120370
0 0.515625 0.201852 0.063542 0.111111
0 0.600781 0.196759 0.059896 0.100926
0 0.686198 0.199537 0.066146 0.108333
0 0.776823 0.194444 0.067187 0.098148
0 0.861719 0.202315 0.060937 0.113889
0 0.944792 0.199074 0.065625 0.101852
0 0.959896 0.500463 0.065625 0.263889
0 0.868229 0.500000 0.069792 0.240741
0 0.786979 0.497222 0.064583 0.248148
0 0.702344 0.492593 0.053646 0.225926
0 0.614583 0.493056 0.055208 0.232407
0 0.526563 0.505093 0.064583 0.262037
0 0.436198 0.506944 0.076563 0.247222
0 0.358594 0.503704 0.060937 0.253704
0 0.274740 0.494907 0.060937 0.239815
0 0.189062 0.497685 0.059375 0.245370
0 0.103125 0.495833 0.057292 0.237963
0 0.022917 0.491204 0.044792 0.230556
0 0.024740 0.795833 0.048438 0.258333
0 0.113021 0.803704 0.083333 0.246296
0 0.187500 0.803241 0.062500 0.258333
0 0.271094 0.814352 0.058854 0.225000
0 0.355729 0.799537 0.056250 0.239815
0 0.441406 0.794444 0.060937 0.272222
0 0.524219 0.786574 0.059896 0.286111
0 0.610156 0.793519 0.059896 0.251852
0 0.693490 0.813889 0.059896 0.229630
0 0.783073 0.795833 0.070312 0.262037
0 0.864583 0.789815 0.063542 0.250000
0 0.950000 0.783796 0.065625 0.265741
