0 0.023438 0.239815 0.045833 0.196296
0 0.092969 0.237500 0.067187 0.182407
0 0.182292 0.241204 0.065625 0.184259
0 0.264583 0.240278 0.060417 0.187963
0 0.348177 0.241204 0.064062 0.189815
0 0.433073 0.240278 0.060937 0.187963
0 0.516927 0.241667 0.060937 0.192593
0 0.605469 0.237500 0.058854 0.182407
0 0.689063 0.240741 0.065625 0.185185
0 0.778125 0.235185 0.065625 0.179630
0 0.859896 0.240278 0.062500 0.193519
0 0.949219 0.237500 0.066146 0.178704
0 0.960677 0.582407 0.068229 0.257407
0 0.872135 0.580093 0.074479 0.247222
0 0.790625 0.573148 0.063542 0.244444
0 0.701562 0.566667 0.059375 0.220370
0 0.614062 0.574074 0.060417 0.240741
0 0.530208 0.587037 0.067708 0.259259
0 0.438281 0.584259 0.071354 0.253704
0 0.359375 0.584722 0.059375 0.262037
0 0.275260 0.573148 0.054688 0.242593
0 0.190625 0.578241 0.057292 0.241667
0 0.102344 0.574537 0.059896 0.241667
0 0.024479 0.574537 0.047917 0.228704
0 0.024740 0.872222 0.048438 0.255556
0 0.112760 0.880093 0.083854 0.239815
0 0.187760 0.876852 0.063021 0.246296
0 0.274219 0.889352 0.057813 0.221296
0 0.359635 0.873611 0.069271 0.247222
0 0.442969 0.868981 0.059896 0.262037
0 0.525781 0.858796 0.063021 0.282407
0 0.608073 0.870833 0.064062 0.258333
0 0.695052 0.886111 0.065104 0.227778
0 0.780729 0.867593 0.070833 0.264815
0 0.864583 0.868519 0.062500 0.253704
0 0.947917 0.858333 0.069792 0.253704
