0 0.947917 0.802315 0.061458 0.252778
0 0.867969 0.807870 0.055729 0.245370
0 0.781250 0.814352 0.065625 0.267593
0 0.697135 0.831019 0.060937 0.221296
0 0.608594 0.811574 0.057813 0.262037
0 0.525781 0.804630 0.066146 0.294444
0 0.440104 0.809722 0.061458 0.271296
0 0.357031 0.820833 0.056771 0.243519
0 0.272135 0.837500 0.060937 0.234259
0 0.189062 0.823611 0.062500 0.262037
0 0.111979 0.823611 0.082292 0.249074
0 0.025260 0.816667 0.049479 0.268519
0 0.024740 0.516204 0.048438 0.239815
0 0.103906 0.517593 0.061979 0.242593
0 0.189323 0.517130 0.061979 0.249074
0 0.274479 0.509722 0.055208 0.239815
0 0.358594 0.521759 0.059896 0.252778
0 0.439063 0.526852 0.077083 0.248148
0 0.529948 0.521759 0.060937 0.252778
0 0.615365 0.513889 0.057813 0.240741
0 0.700521 0.510648 0.060417 0.228704
0 0.785937 0.516204 0.072917 0.239815
0 0.867969 0.522222 0.070312 0.251852
0 0.960938 0.518981 0.063542 0.252778
0 0.943750 0.207407 0.067708 0.124074
0 0.861458 0.209722 0.062500 0.126852
0 0.777344 0.205093 0.060937 0.117593
0 0.688802 0.208333 0.066146 0.125926
0 0.603125 0.202778 0.060417 0.109259
0 0.517188 0.210185 0.059375 0.124074
0 0.431771 0.211111 0.060417 0.129630
0 0.344792 0.212037 0.061458 0.133333
0 0.264844 0.211111 0.057813 0.129630
0 0.178385 0.210648 0.060937 0.125000
0 0.090104 0.207407 0.066667 0.122222
0 0.022135 0.208796 0.043229 0.125000
