0 0.946615 0.255093 0.066146 0.219444
0 0.860677 0.261574 0.064062 0.230556
0 0.779167 0.255556 0.062500 0.218519
0 0.689323 0.259259 0.061979 0.222222
0 0.606771 0.256481 0.057292 0.214815
0 0.520833 0.261574 0.059375 0.219444
0 0.432812 0.265741 0.060417 0.216667
0 0.349219 0.258333 0.058854 0.220370
0 0.265104 0.259259 0.057292 0.227778
0 0.180469 0.263889 0.059896 0.231481
0 0.093750 0.256944 0.065625 0.223148
0 0.023958 0.264352 0.046875 0.225000
0 0.025260 0.607870 0.049479 0.219444
0 0.104167 0.610648 0.058333 0.237963
0 0.187500 0.615278 0.058333 0.247222
0 0.273958 0.611111 0.057292 0.240741
0 0.358333 0.620833 0.057292 0.254630
0 0.440104 0.625463 0.068750 0.249074
0 0.529948 0.622685 0.064062 0.262037
0 0.615104 0.613889 0.054167 0.250000
0 0.701302 0.605093 0.055729 0.228704
0 0.786198 0.613426 0.063021 0.245370
0 0.872917 0.619444 0.078125 0.244444
0 0.964844 0.624537 0.053646 0.260185
0 0.952083 0.886574 0.057292 0.226852
0 0.868750 0.892130 0.058333 0.215741
0 0.781510 0.886574 0.068229 0.226852
0 0.694792 0.908796 0.062500 0.182407
0 0.606510 0.891204 0.067187 0.217593
0 0.524479 0.878704 0.068750 0.242593
0 0.439583 0.886574 0.068750 0.226852
0 0.354427 0.895833 0.066146 0.208333
0 0.271354 0.909722 0.062500 0.180556
0 0.188802 0.895370 0.063021 0.209259
0 0.113281 0.899537 0.081771 0.200926
0 0.026302 0.890278 0.051562 0.219444
