0 0.023698 0.271296 0.046354 0.255556
0 0.093750 0.269444 0.066667 0.246296
0 0.181771 0.275000 0.060417 0.246296
0 0.266406 0.269444 0.060937 0.251852
0 0.347135 0.278704 0.058854 0.240741
0 0.434896 0.284722 0.054167 0.221296
0 0.521354 0.279167 0.057292 0.215741
0 0.609896 0.264815 0.046875 0.237037
0 0.693490 0.270370 0.056771 0.238889
0 0.781250 0.263889 0.052083 0.225926
0 0.865104 0.270833 0.060417 0.250926
0 0.949740 0.265741 0.055729 0.235185
0 0.964583 0.640741 0.057292 0.268519
0 0.872135 0.637037 0.071354 0.240741
0 0.790885 0.636574 0.059896 0.247222
0 0.703385 0.627315 0.061979 0.223148
0 0.618750 0.632407 0.057292 0.237037
0 0.531771 0.641204 0.054167 0.254630
0 0.439844 0.641667 0.074479 0.255556
0 0.358594 0.636574 0.060937 0.252778
0 0.275781 0.631481 0.055729 0.238889
0 0.191146 0.635648 0.056250 0.243519
0 0.101823 0.632870 0.064062 0.241667
0 0.023958 0.628704 0.046875 0.233333
0 0.026302 0.899537 0.050521 0.200926
0 0.114323 0.909259 0.082812 0.181481
0 0.190625 0.912037 0.061458 0.175926
0 0.271615 0.918519 0.057813 0.162963
0 0.356250 0.906481 0.065625 0.187037
0 0.442188 0.895833 0.066667 0.208333
0 0.525781 0.891204 0.057813 0.217593
0 0.608594 0.897222 0.059896 0.205556
0 0.696875 0.917130 0.059375 0.165741
0 0.782552 0.893981 0.064062 0.212037
0 0.867188 0.899537 0.061458 0.200926
0 0.950781 0.896759 0.063021 0.206481
