0 0.951302 0.761574 0.063021 0.256481
0 0.864062 0.770370 0.062500 0.257407
0 0.783854 0.777778 0.066667 0.272222
0 0.693490 0.793519 0.060937 0.227778
0 0.607031 0.770833 0.068229 0.256481
0 0.525000 0.760648 0.057292 0.284259
0 0.441667 0.772222 0.064583 0.264815
0 0.355729 0.783333 0.052083 0.238889
0 0.271354 0.793056 0.054167 0.225000
0 0.188021 0.783333 0.057292 0.250000
0 0.111979 0.791667 0.079167 0.250000
0 0.026042 0.780556 0.051042 0.274074
0 0.024479 0.474074 0.047917 0.227778
0 0.102604 0.478704 0.059375 0.235185
0 0.189323 0.480556 0.058854 0.250000
0 0.273958 0.476852 0.057292 0.240741
0 0.357292 0.482407 0.059375 0.246296
0 0.438542 0.488426 0.070833 0.254630
0 0.528385 0.488889 0.067187 0.250000
0 0.614583 0.478704 0.062500 0.240741
0 0.700521 0.475926 0.058333 0.229630
0 0.786458 0.480093 0.069792 0.250926
0 0.870052 0.481944 0.073438 0.245370
0 0.962500 0.487037 0.053125 0.262963
0 0.943750 0.187500 0.067708 0.082407
0 0.861979 0.195833 0.060417 0.099074
0 0.778385 0.184259 0.060937 0.081481
0 0.688542 0.190278 0.061458 0.095370
0 0.602344 0.187500 0.065104 0.082407
0 0.516667 0.190278 0.061458 0.089815
0 0.432292 0.191667 0.058333 0.092593
0 0.345573 0.193056 0.058854 0.095370
0 0.263542 0.192130 0.057292 0.087963
0 0.177865 0.190741 0.067187 0.090741
0 0.091927 0.187963 0.065104 0.088889
0 0.021094 0.191667 0.041146 0.094444
