0 0.957552 0.407870 0.070312 0.260185
0 0.867969 0.405556 0.073438 0.240741
0 0.785677 0.401852 0.070312 0.251852
0 0.701562 0.395833 0.059375 0.228704
0 0.612760 0.399537 0.063021 0.237963
0 0.528646 0.415741 0.067708 0.257407
0 0.437240 0.412963 0.073438 0.244444
0 0.356771 0.406944 0.063542 0.249074
0 0.269792 0.400463 0.060417 0.236111
0 0.184896 0.405093 0.057292 0.241667
0 0.099219 0.401852 0.063021 0.233333
0 0.023438 0.398611 0.045833 0.234259
0 0.025260 0.701389 0.049479 0.263889
0 0.110417 0.711111 0.085417 0.246296
0 0.188281 0.705093 0.059896 0.243519
0 0.271875 0.716667 0.057292 0.222222
0 0.353385 0.707870 0.057813 0.247222
0 0.440885 0.696759 0.058854 0.267593
0 0.524479 0.687500 0.055208 0.291667
0 0.607031 0.696759 0.064062 0.254630
0 0.690885 0.717130 0.063021 0.221296
0 0.779687 0.700000 0.058333 0.275926
0 0.860156 0.696759 0.065104 0.249074
0 0.948177 0.685648 0.061979 0.260185
0 0.772656 0.975926 0.051562 0.048148
0 0.520312 0.971296 0.053125 0.057407
0 0.602344 0.969907 0.049479 0.060185
0 0.354167 0.975463 0.052083 0.049074
0 0.179427 0.975463 0.051562 0.049074
0 0.944531 0.978241 0.051562 0.043519
0 0.686458 0.970833 0.053125 0.058333
