0 0.957292 0.347685 0.067708 0.256481
0 0.022135 0.342593 0.043229 0.227778
0 0.097135 0.343519 0.061979 0.233333
0 0.185938 0.348148 0.058333 0.244444
0 0.269010 0.345370 0.054688 0.240741
0 0.354427 0.354167 0.061979 0.254630
0 0.434635 0.354630 0.068229 0.250000
0 0.528125 0.356944 0.067708 0.254630
0 0.611979 0.342130 0.060417 0.237963
0 0.699479 0.344907 0.058333 0.225000
0 0.783594 0.344907 0.060937 0.250926
0 0.867969 0.352315 0.070312 0.234259
0 0.946875 0.631019 0.070833 0.256481
0 0.861979 0.637037 0.058333 0.246296
0 0.776823 0.640741 0.074479 0.281481
0 0.688802 0.658333 0.060937 0.214815
0 0.605469 0.642130 0.058854 0.252778
0 0.521875 0.627778 0.061458 0.287037
0 0.436979 0.640741 0.060417 0.255556
0 0.352604 0.645833 0.059375 0.239815
0 0.269271 0.662037 0.058333 0.218519
0 0.187240 0.644444 0.058854 0.250000
0 0.109635 0.651389 0.079687 0.247222
0 0.022656 0.645833 0.044271 0.265741
0 0.091406 0.950463 0.055729 0.099074
0 0.175781 0.944907 0.064062 0.110185
0 0.263021 0.943519 0.063542 0.112963
0 0.349740 0.945833 0.057813 0.108333
0 0.430208 0.945833 0.057292 0.108333
0 0.020313 0.946759 0.039583 0.089815
0 0.517708 0.947685 0.061458 0.104630
0 0.597917 0.943056 0.068750 0.113889
0 0.681510 0.944907 0.059896 0.110185
0 0.766406 0.946296 0.061979 0.107407
0 0.852604 0.945370 0.065625 0.105556
0 0.938281 0.949074 0.064062 0.101852
