0 0.953906 0.294444 0.068229 0.259259
0 0.864323 0.292130 0.066146 0.237963
0 0.784896 0.287500 0.059375 0.239815
0 0.700521 0.283796 0.057292 0.225000
0 0.612240 0.286111 0.056771 0.231481
0 0.523438 0.297222 0.063542 0.253704
0 0.432812 0.301852 0.067708 0.250000
0 0.353125 0.295833 0.060417 0.249074
0 0.271094 0.289815 0.055729 0.225926
0 0.184896 0.291204 0.053125 0.241667
0 0.097656 0.285648 0.060937 0.230556
0 0.020313 0.283796 0.039583 0.219444
0 0.021094 0.589352 0.041146 0.258333
0 0.108594 0.595370 0.081771 0.240741
0 0.185938 0.593519 0.059375 0.251852
0 0.266667 0.605093 0.060417 0.215741
0 0.351562 0.588426 0.060417 0.232407
0 0.436719 0.583796 0.064062 0.254630
0 0.521615 0.570370 0.056771 0.287037
0 0.602865 0.587037 0.060937 0.251852
0 0.686458 0.604167 0.061458 0.219444
0 0.775000 0.579167 0.060417 0.273148
0 0.859375 0.582870 0.059375 0.250926
0 0.944531 0.572222 0.061979 0.250000
0 0.934635 0.921296 0.065104 0.157407
0 0.852865 0.919907 0.064062 0.160185
0 0.766146 0.918981 0.052083 0.162037
0 0.679948 0.913889 0.057813 0.166667
0 0.597396 0.915278 0.065625 0.169444
0 0.514844 0.913889 0.068229 0.172222
0 0.429688 0.918056 0.067708 0.163889
0 0.344792 0.918056 0.059375 0.163889
0 0.263021 0.919907 0.061458 0.160185
0 0.174219 0.917130 0.060937 0.165741
0 0.092448 0.916667 0.058854 0.166667
0 0.018490 0.920370 0.034896 0.159259
