0 0.960938 0.387963 0.073958 0.257407
0 0.868490 0.388426 0.074479 0.237963
0 0.784375 0.378241 0.069792 0.243519
0 0.700260 0.380556 0.060937 0.229630
0 0.615885 0.381019 0.053646 0.234259
0 0.526823 0.393519 0.068229 0.250000
0 0.435937 0.393519 0.079167 0.255556
0 0.354427 0.389815 0.058854 0.251852
0 0.271094 0.381481 0.058854 0.237037
0 0.185938 0.385185 0.059375 0.242593
0 0.098437 0.383796 0.064583 0.228704
0 0.022135 0.375926 0.043229 0.242593
0 0.023698 0.682870 0.046354 0.260185
0 0.110156 0.693981 0.080729 0.250926
0 0.183854 0.688889 0.055208 0.259259
0 0.269010 0.698148 0.061979 0.224074
0 0.353125 0.686111 0.054167 0.240741
0 0.439063 0.679167 0.056250 0.260185
0 0.521875 0.663889 0.064583 0.288889
0 0.601823 0.678704 0.064062 0.255556
0 0.693750 0.693056 0.057292 0.225000
0 0.777083 0.674074 0.063542 0.272222
0 0.861979 0.673148 0.061458 0.248148
0 0.948958 0.670370 0.064583 0.251852
0 0.178385 0.964815 0.055729 0.070370
0 0.092188 0.966667 0.052083 0.066667
0 0.019271 0.968981 0.037500 0.060185
0 0.265104 0.966204 0.060417 0.067593
0 0.347656 0.963426 0.057813 0.073148
0 0.433594 0.966204 0.056771 0.067593
0 0.517448 0.960185 0.059896 0.079630
0 0.602604 0.957407 0.065625 0.085185
0 0.684115 0.961574 0.061979 0.076852
0 0.769792 0.960648 0.060417 0.078704
