0 0.956510 0.334259 0.054688 0.264815
0 0.865625 0.331481 0.067708 0.240741
0 0.784896 0.324537 0.058333 0.245370
0 0.696875 0.323611 0.064583 0.237963
0 0.613802 0.321759 0.057813 0.226852
0 0.525260 0.333796 0.068229 0.254630
0 0.432031 0.341204 0.072396 0.256481
0 0.355469 0.331944 0.060937 0.250926
0 0.269792 0.325463 0.053125 0.237963
0 0.185156 0.328241 0.060937 0.241667
0 0.098177 0.322222 0.060937 0.231481
0 0.022135 0.322222 0.043229 0.231481
0 0.023438 0.624537 0.045833 0.262037
0 0.108854 0.636574 0.081250 0.245370
0 0.185677 0.630556 0.063021 0.251852
0 0.268229 0.643056 0.060417 0.221296
0 0.351042 0.630556 0.057292 0.240741
0 0.438542 0.622222 0.061458 0.262963
0 0.520833 0.606019 0.063542 0.289815
0 0.603385 0.618519 0.064062 0.253704
0 0.690365 0.643981 0.056771 0.219444
0 0.774219 0.620833 0.065104 0.273148
0 0.860156 0.619907 0.067187 0.250926
0 0.947396 0.613426 0.062500 0.249074
0 0.939063 0.939815 0.062500 0.120370
0 0.853125 0.935648 0.064583 0.128704
0 0.765104 0.934259 0.059375 0.131481
0 0.683594 0.932870 0.058854 0.134259
0 0.598958 0.931944 0.056250 0.136111
0 0.516667 0.932407 0.063542 0.135185
0 0.431250 0.933796 0.064583 0.132407
0 0.346615 0.932870 0.059896 0.134259
0 0.262500 0.935648 0.065625 0.128704
0 0.176563 0.934259 0.062500 0.131481
0 0.092708 0.941204 0.061458 0.117593
0 0.021354 0.941204 0.041667 0.117593
