0 0.943750 0.180556 0.060417 0.064815
0 0.860938 0.184722 0.059375 0.076852
0 0.777083 0.176389 0.057292 0.060185
0 0.689844 0.179630 0.060937 0.072222
0 0.603125 0.177778 0.057292 0.059259
0 0.517188 0.180556 0.056250 0.068519
0 0.431250 0.181019 0.060417 0.069444
0 0.346354 0.184722 0.060417 0.071296
0 0.263021 0.181481 0.054167 0.070370
0 0.179688 0.182870 0.058333 0.069444
0 0.087760 0.182407 0.060937 0.068519
0 0.020833 0.180093 0.040625 0.067593
0 0.022917 0.461111 0.044792 0.229630
0 0.101302 0.458333 0.060937 0.231481
0 0.187500 0.462037 0.059375 0.250000
0 0.272656 0.459722 0.058854 0.243519
0 0.358854 0.463889 0.052083 0.246296
0 0.435937 0.471759 0.068750 0.249074
0 0.525000 0.471759 0.060417 0.256481
0 0.615365 0.457407 0.056771 0.246296
0 0.700260 0.453241 0.060937 0.225000
0 0.788281 0.462037 0.058854 0.270370
0 0.866667 0.460648 0.067708 0.245370
0 0.962500 0.467593 0.071875 0.259259
0 0.948698 0.738426 0.064062 0.260185
0 0.867448 0.753704 0.068229 0.251852
0 0.780990 0.753241 0.069271 0.276852
0 0.692708 0.776852 0.059375 0.224074
0 0.606250 0.756019 0.062500 0.252778
0 0.523958 0.742130 0.059375 0.284259
0 0.438542 0.754167 0.064583 0.265741
0 0.355469 0.762037 0.064062 0.244444
0 0.271354 0.779167 0.054167 0.228704
0 0.187500 0.762500 0.062500 0.258333
0 0.112760 0.769907 0.080729 0.247222
0 0.023698 0.762037 0.046354 0.268519
