0 0.955729 0.367130 0.068750 0.256481
0 0.866406 0.364815 0.076563 0.242593
0 0.785156 0.361574 0.055729 0.239815
0 0.696615 0.356944 0.055729 0.225000
0 0.612760 0.362037 0.051562 0.233333
0 0.524479 0.374537 0.065625 0.252778
0 0.435937 0.380093 0.072917 0.247222
0 0.357031 0.370370 0.056771 0.250000
0 0.269531 0.362037 0.058854 0.240741
0 0.186719 0.364815 0.057813 0.240741
0 0.099479 0.362037 0.060417 0.235185
0 0.023698 0.361111 0.046354 0.225926
0 0.025260 0.667130 0.049479 0.271296
0 0.108854 0.674537 0.085417 0.243519
0 0.185156 0.670370 0.056771 0.248148
0 0.270833 0.680093 0.056250 0.228704
0 0.354427 0.665741 0.058854 0.233333
0 0.438542 0.661111 0.060417 0.266667
0 0.521875 0.646296 0.060417 0.290741
0 0.603646 0.659259 0.062500 0.250000
0 0.691146 0.680556 0.058333 0.225926
0 0.776302 0.656944 0.066146 0.275000
0 0.863542 0.657870 0.067708 0.247222
0 0.946094 0.647222 0.063021 0.242593
0 0.944792 0.953704 0.055208 0.092593
0 0.852865 0.953704 0.057813 0.092593
0 0.766927 0.955093 0.056771 0.089815
0 0.681510 0.952778 0.060937 0.094444
0 0.598437 0.951389 0.056250 0.097222
0 0.519010 0.953704 0.054688 0.092593
0 0.433073 0.957870 0.059896 0.080556
0 0.349740 0.956944 0.059896 0.086111
0 0.264583 0.955556 0.061458 0.088889
0 0.178646 0.952315 0.062500 0.089815
0 0.092708 0.955556 0.057292 0.075926
0 0.020313 0.956481 0.039583 0.085185
