0 0.961719 0.427315 0.070312 0.256481
0 0.870052 0.425000 0.073438 0.238889
0 0.784635 0.423148 0.063021 0.248148
0 0.700000 0.414352 0.065625 0.241667
0 0.615104 0.417130 0.062500 0.236111
0 0.526563 0.432870 0.064583 0.252778
0 0.434896 0.432407 0.067708 0.248148
0 0.359896 0.423611 0.060417 0.254630
0 0.270833 0.421296 0.056250 0.240741
0 0.186979 0.424074 0.060417 0.246296
0 0.099219 0.417593 0.066146 0.233333
0 0.022917 0.417593 0.044792 0.227778
0 0.023698 0.720370 0.046354 0.264815
0 0.112760 0.730556 0.079687 0.248148
0 0.184375 0.725926 0.052083 0.246296
0 0.270313 0.737500 0.062500 0.225000
0 0.354948 0.724074 0.060937 0.250000
0 0.440365 0.718981 0.056771 0.265741
0 0.526302 0.703704 0.055729 0.287037
0 0.607292 0.716667 0.062500 0.253704
0 0.694271 0.737037 0.059375 0.220370
0 0.777344 0.716667 0.066146 0.272222
0 0.861458 0.714352 0.062500 0.252778
0 0.948958 0.706019 0.064583 0.256481
