0 0.961458 0.314815 0.069792 0.268519
0 0.863021 0.309259 0.068750 0.242593
0 0.784896 0.308333 0.068750 0.240741
0 0.700000 0.300926 0.059375 0.218519
0 0.611979 0.301852 0.058333 0.231481
0 0.525000 0.319907 0.073958 0.256481
0 0.434375 0.321296 0.067708 0.248148
0 0.352344 0.312500 0.061979 0.252778
0 0.270052 0.306481 0.053646 0.235185
0 0.183854 0.311111 0.059375 0.250000
0 0.097917 0.305556 0.060417 0.231481
0 0.019531 0.304630 0.038021 0.220370
0 0.023438 0.604167 0.045833 0.263889
0 0.108333 0.616204 0.082292 0.243519
0 0.184635 0.611111 0.064062 0.246296
0 0.265885 0.623611 0.058854 0.223148
0 0.353385 0.612963 0.054688 0.238889
0 0.436458 0.605556 0.063542 0.264815
0 0.520573 0.591667 0.061979 0.281481
0 0.604167 0.605093 0.063542 0.252778
0 0.688021 0.621296 0.062500 0.222222
0 0.775521 0.599537 0.075000 0.271296
0 0.859635 0.603241 0.061979 0.247222
0 0.945833 0.593056 0.062500 0.258333
0 0.938802 0.929630 0.064062 0.140741
0 0.850781 0.929630 0.063021 0.140741
0 0.767188 0.925000 0.058333 0.150000
0 0.681510 0.922685 0.057813 0.154630
0 0.596354 0.923148 0.061458 0.153704
0 0.515104 0.923611 0.060417 0.152778
0 0.429948 0.926389 0.066146 0.147222
0 0.344271 0.928241 0.061458 0.143519
0 0.263281 0.929630 0.063021 0.140741
0 0.174740 0.927315 0.055729 0.145370
0 0.091667 0.931944 0.060417 0.136111
0 0.017188 0.935648 0.032292 0.128704
