0 0.941667 0.166667 0.063542 0.046296
0 0.860417 0.176389 0.057292 0.060185
0 0.777083 0.170370 0.063542 0.042593
0 0.690885 0.173611 0.065104 0.054630
0 0.601562 0.167593 0.053125 0.042593
0 0.518229 0.173611 0.057292 0.050926
0 0.431250 0.175000 0.057292 0.059259
0 0.346094 0.173611 0.060937 0.050926
0 0.263802 0.171759 0.054688 0.052778
0 0.178906 0.176389 0.063021 0.054630
0 0.089583 0.170370 0.064583 0.048148
0 0.021354 0.175463 0.041667 0.052778
0 0.022135 0.439815 0.043229 0.225926
0 0.100781 0.437500 0.061979 0.236111
0 0.187240 0.442593 0.061979 0.246296
0 0.275000 0.440278 0.053125 0.232407
0 0.355990 0.445370 0.054688 0.251852
0 0.436458 0.450000 0.073958 0.255556
0 0.525521 0.452778 0.067708 0.255556
0 0.613542 0.437037 0.053125 0.237037
0 0.703906 0.437037 0.056771 0.224074
0 0.792188 0.440278 0.057292 0.237963
0 0.869271 0.445833 0.072917 0.243519
0 0.964063 0.448611 0.060417 0.258333
0 0.949479 0.726852 0.059375 0.255556
0 0.861719 0.736111 0.064062 0.250000
0 0.781250 0.735185 0.059375 0.272222
0 0.694271 0.755093 0.055208 0.230556
0 0.607552 0.735185 0.058854 0.259259
0 0.524740 0.725000 0.058854 0.287037
0 0.439583 0.734259 0.062500 0.262963
0 0.355208 0.743519 0.064583 0.244444
0 0.270313 0.754630 0.057292 0.231481
0 0.188281 0.744444 0.053646 0.248148
0 0.112240 0.750000 0.078646 0.246296
0 0.024479 0.739815 0.047917 0.270370
