0 0.949479 0.206019 0.059375 0.115741
0 0.865625 0.192593 0.054167 0.098148
0 0.777344 0.192593 0.060937 0.092593
0 0.690625 0.188426 0.055208 0.086111
0 0.601823 0.186574 0.056771 0.086111
0 0.517969 0.201389 0.064062 0.110185
0 0.433854 0.201852 0.058333 0.116667
0 0.346615 0.198148 0.060937 0.103704
0 0.264844 0.189815 0.056771 0.088889
0 0.179688 0.194444 0.054167 0.092593
0 0.094792 0.186574 0.060417 0.080556
0 0.019271 0.187963 0.037500 0.083333
0 0.018750 0.418519 0.036458 0.255556
0 0.103385 0.424537 0.078646 0.232407
0 0.180469 0.424537 0.054688 0.249074
0 0.264583 0.438426 0.057292 0.223148
0 0.345833 0.422222 0.055208 0.238889
0 0.434896 0.418056 0.063542 0.256481
0 0.515365 0.399537 0.058854 0.289815
0 0.599740 0.416667 0.056771 0.250000
0 0.685156 0.437037 0.056771 0.220370
0 0.770052 0.410648 0.059896 0.276852
0 0.855469 0.413426 0.058854 0.243519
0 0.940365 0.400463 0.060937 0.236111
0 0.928646 0.792130 0.068750 0.254630
0 0.844271 0.791204 0.064583 0.260185
0 0.761198 0.778241 0.057813 0.228704
0 0.674479 0.783796 0.056250 0.252778
0 0.591406 0.768981 0.060937 0.221296
0 0.510677 0.790741 0.063021 0.266667
0 0.425260 0.797222 0.061979 0.270370
0 0.340104 0.793056 0.059375 0.262037
0 0.258594 0.785648 0.058854 0.237963
0 0.174740 0.791204 0.057813 0.260185
0 0.085938 0.800000 0.056250 0.248148
0 0.016146 0.793519 0.031250 0.253704
