0 0.946615 0.189815 0.066146 0.088889
0 0.858594 0.183333 0.065104 0.079630
0 0.773438 0.182870 0.060417 0.073148
0 0.688021 0.176852 0.057292 0.061111
0 0.601823 0.173611 0.056771 0.060185
0 0.517188 0.192593 0.062500 0.092593
0 0.431771 0.192593 0.062500 0.087037
0 0.346354 0.191667 0.061458 0.085185
0 0.263021 0.182407 0.054167 0.066667
0 0.178906 0.185648 0.059896 0.075000
0 0.094010 0.180556 0.061979 0.070370
0 0.020833 0.177778 0.040625 0.066667
0 0.020313 0.396296 0.039583 0.253704
0 0.103125 0.408796 0.081250 0.243519
0 0.181510 0.404630 0.057813 0.248148
0 0.261198 0.417593 0.057813 0.222222
0 0.346875 0.405556 0.057292 0.235185
0 0.430990 0.401852 0.064062 0.251852
0 0.515365 0.383333 0.061979 0.288889
0 0.594531 0.397222 0.064062 0.244444
0 0.682292 0.419907 0.056250 0.210185
0 0.772656 0.389352 0.072396 0.276852
0 0.853906 0.391667 0.061979 0.244444
0 0.939323 0.381019 0.065104 0.252778
0 0.928646 0.781481 0.066667 0.257407
0 0.842448 0.775463 0.066146 0.260185
0 0.760417 0.758333 0.056250 0.224074
0 0.675000 0.767593 0.055208 0.248148
0 0.589323 0.749074 0.070312 0.229630
0 0.510417 0.774074 0.072917 0.255556
0 0.424479 0.781481 0.060417 0.261111
0 0.340104 0.775926 0.059375 0.259259
0 0.258594 0.767593 0.055729 0.237037
0 0.171094 0.773611 0.053646 0.254630
0 0.085417 0.780093 0.059375 0.256481
0 0.015104 0.780556 0.029167 0.259259
0 0.021875 0.968056 0.042708 0.060185
0 0.095052 0.975926 0.058854 0.048148
0 0.179948 0.960185 0.064062 0.079630
0 0.430990 0.960185 0.060937 0.079630
0 0.517969 0.956019 0.057813 0.087963
0 0.942969 0.955093 0.061979 0.089815
