0 0.948958 0.220833 0.061458 0.150926
0 0.863802 0.213426 0.059896 0.136111
0 0.774219 0.211574 0.065104 0.132407
0 0.691927 0.204630 0.056771 0.118519
0 0.604948 0.204630 0.057813 0.116667
0 0.519531 0.221296 0.060937 0.150000
0 0.427344 0.218519 0.072396 0.150000
0 0.348698 0.218981 0.063021 0.145370
0 0.264062 0.212037 0.056250 0.127778
0 0.180208 0.213889 0.055208 0.135185
0 0.093750 0.209722 0.061458 0.123148
0 0.018750 0.206481 0.036458 0.120370
0 0.021875 0.456481 0.042708 0.264815
0 0.105208 0.463426 0.082292 0.241667
0 0.179948 0.465278 0.056771 0.249074
0 0.262760 0.471759 0.060937 0.219444
0 0.348177 0.462037 0.059896 0.231481
0 0.434375 0.455093 0.059375 0.256481
0 0.517448 0.441667 0.058854 0.288889
0 0.598958 0.456481 0.061458 0.250000
0 0.682813 0.472685 0.064583 0.215741
0 0.769271 0.448148 0.069792 0.279630
0 0.854948 0.452315 0.065104 0.249074
0 0.941927 0.437500 0.070312 0.254630
0 0.931510 0.829630 0.064062 0.244444
0 0.847135 0.832870 0.061979 0.256481
0 0.760677 0.815278 0.058854 0.228704
0 0.675521 0.823148 0.059375 0.250000
0 0.594271 0.806019 0.063542 0.217593
0 0.512760 0.830556 0.068229 0.272222
0 0.426302 0.835185 0.059896 0.262963
0 0.341406 0.829630 0.060937 0.261111
0 0.259375 0.825926 0.057292 0.237037
0 0.172917 0.830093 0.057292 0.256481
0 0.087500 0.840278 0.057292 0.254630
0 0.016927 0.835185 0.032813 0.250000
