0 0.949219 0.210185 0.066146 0.129630
0 0.863281 0.204167 0.058854 0.112037
0 0.775781 0.199537 0.058854 0.106481
0 0.690104 0.199074 0.058333 0.101852
0 0.603646 0.200000 0.052083 0.107407
0 0.520833 0.212500 0.062500 0.132407
0 0.430729 0.210648 0.062500 0.130556
0 0.347917 0.208796 0.061458 0.126852
0 0.264062 0.199537 0.056250 0.106481
0 0.179167 0.204167 0.055208 0.112037
0 0.092448 0.197685 0.064062 0.104630
0 0.019531 0.197685 0.038021 0.100926
0 0.020052 0.442130 0.039062 0.260185
0 0.104427 0.447685 0.082812 0.234259
0 0.181250 0.444444 0.061458 0.246296
0 0.265104 0.456481 0.062500 0.212963
0 0.345833 0.446296 0.052083 0.231481
0 0.432552 0.435648 0.063021 0.260185
0 0.514844 0.420370 0.059896 0.290741
0 0.598437 0.434259 0.062500 0.248148
0 0.684635 0.452778 0.060937 0.218519
0 0.772656 0.429630 0.072396 0.283333
0 0.855990 0.431019 0.063021 0.249074
0 0.945312 0.421759 0.081250 0.250926
0 0.930729 0.812037 0.065625 0.248148
0 0.844531 0.815278 0.060937 0.239815
0 0.763021 0.797685 0.057292 0.228704
0 0.676042 0.805093 0.061458 0.249074
0 0.591927 0.789815 0.066146 0.222222
0 0.513281 0.811111 0.064062 0.257407
0 0.427604 0.818519 0.060417 0.266667
0 0.340365 0.813889 0.058854 0.255556
0 0.260937 0.806944 0.060417 0.237963
0 0.174740 0.813889 0.057813 0.255556
0 0.088021 0.821759 0.057292 0.263889
0 0.016667 0.818981 0.032292 0.260185
