0 0.932031 0.889352 0.064062 0.221296
0 0.850260 0.886111 0.059896 0.227778
0 0.763802 0.885648 0.054688 0.225000
0 0.677865 0.886111 0.060937 0.227778
0 0.595833 0.880556 0.067708 0.222222
0 0.514583 0.885648 0.073958 0.228704
0 0.426302 0.890741 0.067187 0.218519
0 0.344271 0.886574 0.067708 0.226852
0 0.260417 0.887963 0.062500 0.224074
0 0.174219 0.888889 0.057813 0.222222
0 0.088542 0.892130 0.059375 0.215741
0 0.019271 0.892130 0.037500 0.215741
0 0.021354 0.532870 0.041667 0.273148
0 0.107031 0.537500 0.081771 0.239815
0 0.184115 0.534259 0.059896 0.246296
0 0.268490 0.550000 0.056771 0.222222
0 0.349479 0.539352 0.052083 0.236111
0 0.433333 0.528241 0.067708 0.258333
0 0.517708 0.512500 0.062500 0.295370
0 0.599479 0.528241 0.064583 0.245370
0 0.683594 0.544444 0.066146 0.216667
0 0.773177 0.522222 0.068229 0.279630
0 0.857812 0.528241 0.059375 0.247222
0 0.948438 0.514815 0.075000 0.250000
0 0.958594 0.258333 0.066146 0.218519
0 0.863802 0.252315 0.070312 0.206481
0 0.785417 0.251389 0.061458 0.206481
0 0.696615 0.244907 0.053646 0.197222
0 0.609115 0.243981 0.061979 0.197222
0 0.526563 0.255556 0.064583 0.220370
0 0.431250 0.256944 0.078125 0.226852
0 0.348958 0.257407 0.063542 0.216667
0 0.265365 0.246296 0.058854 0.201852
0 0.180469 0.252315 0.059896 0.208333
0 0.095052 0.245833 0.064062 0.200926
0 0.020052 0.239815 0.039062 0.194444
