0 0.954948 0.270370 0.055729 0.244444
0 0.862760 0.259259 0.066146 0.231481
0 0.779687 0.256944 0.058333 0.223148
0 0.693490 0.254630 0.056771 0.207407
0 0.611458 0.255093 0.055208 0.213889
0 0.526042 0.266204 0.062500 0.245370
0 0.430469 0.268981 0.073438 0.245370
0 0.351302 0.267593 0.064062 0.237037
0 0.267708 0.256019 0.059375 0.228704
0 0.183594 0.257870 0.060937 0.225000
0 0.096354 0.254167 0.066667 0.223148
0 0.021094 0.253241 0.041146 0.215741
0 0.022135 0.548611 0.043229 0.263889
0 0.105990 0.559259 0.083854 0.238889
0 0.182031 0.553241 0.061979 0.245370
0 0.267188 0.568519 0.058333 0.227778
0 0.352344 0.557407 0.063021 0.231481
0 0.436979 0.547222 0.057292 0.259259
0 0.519792 0.534722 0.061458 0.284259
0 0.602604 0.547222 0.059375 0.251852
0 0.686719 0.565278 0.057813 0.226852
0 0.771615 0.539352 0.064062 0.275000
0 0.859375 0.541667 0.059375 0.250000
0 0.944531 0.530556 0.065104 0.255556
0 0.934115 0.902778 0.066146 0.194444
0 0.851302 0.900000 0.060937 0.200000
0 0.762240 0.900000 0.058854 0.200000
0 0.676823 0.893981 0.064062 0.212037
0 0.595313 0.894907 0.068750 0.210185
0 0.514583 0.894907 0.064583 0.210185
0 0.424740 0.899537 0.064062 0.200926
0 0.342969 0.897222 0.060937 0.205556
0 0.260417 0.898611 0.062500 0.202778
0 0.175521 0.897222 0.061458 0.205556
0 0.090365 0.901389 0.058854 0.197222
0 0.019792 0.900463 0.037500 0.199074
