0 0.952604 0.230556 0.057292 0.164815
0 0.860156 0.221296 0.067187 0.150000
0 0.776823 0.221296 0.059896 0.151852
0 0.694531 0.215278 0.054688 0.134259
0 0.604167 0.213426 0.058333 0.134259
0 0.520052 0.229167 0.059896 0.162037
0 0.427865 0.228704 0.075521 0.166667
0 0.349479 0.229167 0.060417 0.162037
0 0.266146 0.219907 0.057292 0.143519
0 0.181510 0.222685 0.059896 0.154630
0 0.093750 0.216667 0.061458 0.137037
0 0.019271 0.219444 0.037500 0.140741
0 0.019271 0.475000 0.037500 0.262963
0 0.105990 0.482407 0.079687 0.240741
0 0.182812 0.479630 0.060417 0.246296
0 0.264323 0.491667 0.064062 0.214815
0 0.348177 0.481481 0.053646 0.235185
0 0.434896 0.475926 0.060417 0.261111
0 0.518750 0.457407 0.059375 0.288889
0 0.599479 0.470370 0.067708 0.240741
0 0.685156 0.494907 0.056771 0.223148
0 0.771615 0.463889 0.070312 0.277778
0 0.858333 0.467593 0.061458 0.240741
0 0.944010 0.458796 0.058854 0.250926
0 0.929948 0.850463 0.067187 0.250926
0 0.847135 0.853241 0.066146 0.256481
0 0.761458 0.835185 0.061458 0.231481
0 0.678385 0.839815 0.058854 0.248148
0 0.590885 0.825926 0.067187 0.224074
0 0.513021 0.848148 0.064583 0.261111
0 0.427865 0.858333 0.065104 0.264815
0 0.342969 0.850000 0.064062 0.253704
0 0.261198 0.845370 0.056771 0.240741
0 0.172917 0.845370 0.057292 0.250000
0 0.084896 0.856481 0.056250 0.255556
0 0.016146 0.857870 0.031250 0.254630
