0 0.962500 0.272222 0.064583 0.251852
0 0.863542 0.268981 0.063542 0.239815
0 0.783854 0.268056 0.067708 0.232407
0 0.697396 0.267593 0.052083 0.229630
0 0.609375 0.266667 0.063542 0.235185
0 0.525260 0.281944 0.065104 0.252778
0 0.431771 0.282407 0.072917 0.255556
0 0.353125 0.277778 0.057292 0.253704
0 0.267188 0.268519 0.052083 0.235185
0 0.182812 0.270370 0.057292 0.242593
0 0.097917 0.267593 0.057292 0.224074
0 0.020052 0.266667 0.039062 0.220370
0 0.023698 0.567593 0.046354 0.262963
0 0.107552 0.575926 0.082812 0.237037
0 0.185156 0.574074 0.064062 0.250000
0 0.265625 0.586574 0.059375 0.223148
0 0.352344 0.573611 0.055729 0.232407
0 0.437760 0.564815 0.058854 0.259259
0 0.519792 0.550000 0.061458 0.290741
0 0.601562 0.568981 0.064583 0.252778
0 0.688802 0.587963 0.066146 0.222222
0 0.779167 0.561111 0.065625 0.279630
0 0.857292 0.563889 0.062500 0.250000
0 0.945312 0.552778 0.063542 0.253704
0 0.936198 0.912037 0.065104 0.175926
0 0.851042 0.913889 0.059375 0.172222
0 0.763802 0.910648 0.061979 0.178704
0 0.679167 0.904167 0.057292 0.191667
0 0.596354 0.907870 0.058333 0.184259
0 0.513281 0.904167 0.068229 0.191667
0 0.426563 0.907407 0.059375 0.185185
0 0.343750 0.906019 0.063542 0.187963
0 0.261719 0.907407 0.066146 0.185185
0 0.174219 0.904630 0.064062 0.190741
0 0.089583 0.910648 0.059375 0.178704
0 0.018490 0.911111 0.035937 0.177778
