0 0.020052 0.232870 0.039062 0.171296
0 0.095573 0.234259 0.066146 0.181481
0 0.180469 0.242593 0.061979 0.188889
0 0.265365 0.239815 0.061979 0.187037
0 0.349740 0.245833 0.064062 0.199074
0 0.429688 0.246296 0.073958 0.205556
0 0.519792 0.250463 0.063542 0.208333
0 0.607552 0.237037 0.061979 0.183333
0 0.693490 0.234722 0.054688 0.178704
0 0.779427 0.239815 0.061979 0.187037
0 0.860156 0.241204 0.065104 0.189815
0 0.955990 0.248611 0.077604 0.200926
0 0.941927 0.498148 0.064062 0.250000
0 0.854167 0.505556 0.065625 0.238889
0 0.776042 0.506019 0.069792 0.280556
0 0.685417 0.529167 0.057292 0.215741
0 0.601562 0.512963 0.060417 0.248148
0 0.516146 0.495833 0.060417 0.282407
0 0.434896 0.509722 0.061458 0.252778
0 0.349219 0.516204 0.061979 0.236111
0 0.265625 0.530093 0.056250 0.219444
0 0.184635 0.519907 0.060937 0.252778
0 0.105469 0.521296 0.084896 0.244444
0 0.021875 0.515278 0.042708 0.263889
0 0.017188 0.882870 0.032292 0.234259
0 0.087760 0.881481 0.053646 0.237037
0 0.174740 0.878704 0.060937 0.242593
0 0.261198 0.878704 0.059896 0.242593
0 0.341146 0.878704 0.060417 0.242593
0 0.425000 0.880093 0.066667 0.239815
0 0.515104 0.876852 0.067708 0.246296
0 0.595833 0.864815 0.062500 0.216667
0 0.676562 0.876852 0.060417 0.246296
0 0.763542 0.869444 0.065625 0.225926
0 0.850781 0.881019 0.059896 0.237963
0 0.930469 0.882870 0.066146 0.234259
