0 0.686719 0.508333 0.057813 0.218519
0 0.772656 0.486111 0.058854 0.277778
0 0.934115 0.871296 0.070312 0.235185
0 0.848437 0.872222 0.062500 0.255556
0 0.761979 0.851852 0.065625 0.227778
0 0.678646 0.859722 0.059375 0.249074
0 0.596094 0.844444 0.060937 0.218519
0 0.513802 0.867130 0.065104 0.262037
0 0.427083 0.870833 0.065625 0.258333
0 0.344271 0.868981 0.060417 0.256481
0 0.261458 0.863426 0.060417 0.249074
0 0.175260 0.869444 0.055729 0.255556
0 0.090104 0.871759 0.056250 0.252778
0 0.017969 0.874074 0.032813 0.251852
0 0.020833 0.491667 0.040625 0.261111
0 0.105469 0.503241 0.084896 0.239815
0 0.181250 0.499074 0.061458 0.251852
0 0.266667 0.510185 0.063542 0.222222
0 0.348958 0.496759 0.065625 0.237963
0 0.435937 0.491204 0.062500 0.254630
0 0.519792 0.475926 0.057292 0.288889
0 0.600000 0.492593 0.061458 0.244444
0 0.853385 0.488426 0.059896 0.245370
0 0.942448 0.475000 0.063021 0.250000
0 0.952083 0.238889 0.061458 0.185185
0 0.859896 0.233333 0.064583 0.175926
0 0.776563 0.229167 0.064583 0.171296
0 0.692969 0.227315 0.063021 0.162037
0 0.607031 0.225463 0.057813 0.154630
0 0.521094 0.235648 0.063021 0.184259
0 0.430469 0.240278 0.075521 0.182407
0 0.350000 0.237963 0.060417 0.179630
0 0.264583 0.229167 0.061458 0.171296
0 0.179427 0.231019 0.060937 0.169444
0 0.095312 0.227778 0.065625 0.162963
0 0.021354 0.231019 0.041667 0.150926
