0 0.953385 0.187963 0.072396 0.200000
0 0.871094 0.165741 0.074479 0.205556
0 0.783073 0.144907 0.070312 0.215741
0 0.701302 0.120833 0.075521 0.202778
0 0.617969 0.094444 0.069271 0.187037
0 0.536198 0.081019 0.073438 0.160185
0 0.451302 0.068981 0.065104 0.136111
0 0.365365 0.053241 0.064062 0.104630
0 0.073698 0.260648 0.080729 0.252778
0 0.163021 0.283796 0.076042 0.256481
0 0.248177 0.305556 0.076563 0.235185
0 0.327344 0.346759 0.080729 0.252778
0 0.409635 0.378241 0.076563 0.256481
0 0.492188 0.401852 0.077083 0.253704
0 0.573958 0.405093 0.075000 0.215741
0 0.652865 0.446296 0.075521 0.255556
0 0.738802 0.464815 0.071354 0.231481
0 0.822917 0.522222 0.079167 0.264815
0 0.902083 0.541204 0.081250 0.247222
0 0.890885 0.736574 0.072396 0.125000
0 0.723698 0.721296 0.069271 0.159259
0 0.635417 0.711574 0.073958 0.182407
0 0.552083 0.707870 0.069792 0.186111
0 0.469010 0.663426 0.079687 0.256481
0 0.382812 0.636111 0.079167 0.251852
0 0.304688 0.618981 0.071875 0.237963
0 0.217448 0.603704 0.066146 0.212963
0 0.136198 0.545370 0.084896 0.244444
0 0.054167 0.540741 0.078125 0.222222
0 0.127604 0.905093 0.087500 0.189815
0 0.207813 0.912963 0.072917 0.170370
0 0.287240 0.927778 0.064062 0.144444
0 0.374219 0.946759 0.063021 0.106481
