0 0.028646 0.369444 0.056250 0.255556
0 0.099219 0.369444 0.079687 0.251852
0 0.200521 0.364815 0.084375 0.266667
0 0.301042 0.369907 0.082292 0.243519
0 0.378906 0.367130 0.060937 0.247222
0 0.461719 0.379630 0.061979 0.222222
0 0.545833 0.368981 0.057292 0.237963
0 0.632812 0.360648 0.057292 0.256481
0 0.714844 0.341667 0.066146 0.292593
0 0.796615 0.358333 0.058854 0.246296
0 0.880729 0.379167 0.062500 0.219444
0 0.969271 0.354167 0.060417 0.282407
0 0.960156 0.714815 0.055729 0.231481
0 0.873958 0.726852 0.060417 0.250000
0 0.792448 0.712500 0.064062 0.219444
0 0.712500 0.731944 0.064583 0.263889
0 0.626042 0.740741 0.061458 0.264815
0 0.541406 0.737037 0.055729 0.255556
0 0.457552 0.727778 0.059896 0.238889
0 0.371094 0.733796 0.058854 0.256481
0 0.283073 0.738426 0.061979 0.252778
0 0.200260 0.728704 0.067187 0.233333
0 0.116146 0.738889 0.055208 0.253704
0 0.032031 0.731944 0.057813 0.254630
0 0.026042 0.937500 0.051042 0.125000
0 0.104427 0.951389 0.063021 0.097222
0 0.296094 0.950463 0.067187 0.099074
0 0.379688 0.938889 0.059375 0.122222
0 0.462240 0.960185 0.053646 0.079630
0 0.542969 0.949074 0.066146 0.101852
0 0.626042 0.940278 0.060417 0.119444
0 0.714583 0.937500 0.057292 0.125000
0 0.798958 0.958796 0.062500 0.082407
0 0.970833 0.942130 0.047917 0.115741
0 0.888281 0.946759 0.056771 0.106481
