0 0.048958 0.335648 0.067708 0.245370
0 0.138021 0.324537 0.064583 0.254630
0 0.216667 0.345833 0.036458 0.258333
0 0.302083 0.349537 0.079167 0.236111
0 0.377083 0.348148 0.057292 0.250000
0 0.460938 0.361111 0.061458 0.227778
0 0.544271 0.348611 0.057292 0.237963
0 0.631510 0.342130 0.064062 0.256481
0 0.712500 0.323611 0.063542 0.299074
0 0.795833 0.340278 0.061458 0.241667
0 0.881250 0.357870 0.060417 0.219444
0 0.965365 0.331944 0.066146 0.286111
0 0.957292 0.699537 0.061458 0.226852
0 0.874479 0.704630 0.054167 0.253704
0 0.788542 0.693056 0.069792 0.225000
0 0.713542 0.712963 0.062500 0.259259
0 0.622396 0.722685 0.067708 0.265741
0 0.540365 0.719907 0.055729 0.258333
0 0.458594 0.708796 0.058854 0.243519
0 0.372135 0.713426 0.057813 0.252778
0 0.284635 0.722222 0.055729 0.259259
0 0.214844 0.721296 0.029687 0.250000
0 0.129688 0.719907 0.064583 0.260185
0 0.045052 0.724537 0.065104 0.273148
0 0.969531 0.935185 0.057813 0.129630
0 0.887240 0.938426 0.052604 0.123148
0 0.800260 0.950463 0.061979 0.095370
0 0.714063 0.928241 0.064583 0.143519
0 0.626823 0.931019 0.061979 0.137963
0 0.543490 0.938889 0.065104 0.118519
0 0.459115 0.949537 0.053646 0.100926
0 0.379167 0.931019 0.063542 0.137963
0 0.296094 0.944444 0.063021 0.111111
0 0.137760 0.929167 0.061979 0.141667
0 0.057813 0.953704 0.052083 0.092593
