0 0.020313 0.377778 0.039583 0.259259
0 0.101562 0.388426 0.085417 0.237963
0 0.180469 0.385185 0.061979 0.255556
0 0.261719 0.398148 0.060937 0.212963
0 0.345833 0.384722 0.062500 0.232407
0 0.430469 0.375926 0.065104 0.255556
0 0.516406 0.362037 0.057813 0.290741
0 0.595573 0.378704 0.065104 0.251852
0 0.682292 0.397222 0.059375 0.214815
0 0.768750 0.369444 0.069792 0.285185
0 0.854427 0.374074 0.058854 0.248148
0 0.938281 0.360648 0.067187 0.249074
0 0.927083 0.750926 0.065625 0.253704
0 0.845313 0.759259 0.066667 0.264815
0 0.759115 0.737963 0.060937 0.227778
0 0.675260 0.745370 0.058854 0.250000
0 0.590885 0.731481 0.067187 0.222222
0 0.510417 0.752778 0.060417 0.266667
0 0.425000 0.756944 0.057292 0.258333
0 0.339583 0.755556 0.061458 0.261111
0 0.256250 0.750000 0.061458 0.231481
0 0.173698 0.752315 0.054688 0.254630
0 0.082812 0.762500 0.060417 0.258333
0 0.016406 0.762963 0.029687 0.261111
0 0.019531 0.956944 0.038021 0.086111
0 0.095833 0.959722 0.065625 0.080556
0 0.180469 0.950463 0.065104 0.099074
0 0.259375 0.967593 0.057292 0.064815
0 0.345052 0.955093 0.064062 0.086111
0 0.429167 0.950463 0.059375 0.099074
0 0.515885 0.945833 0.059896 0.108333
0 0.600521 0.967593 0.064583 0.064815
0 0.941927 0.944907 0.064062 0.110185
