0 0.019010 0.119907 0.034896 0.237963
0 0.100260 0.115278 0.081771 0.228704
0 0.172656 0.118519 0.057813 0.235185
0 0.259635 0.122685 0.059896 0.219444
0 0.342187 0.117593 0.055208 0.233333
0 0.425781 0.116667 0.064062 0.231481
0 0.509896 0.118519 0.062500 0.231481
0 0.590885 0.115741 0.068229 0.225926
0 0.682292 0.124537 0.053125 0.223148
0 0.765104 0.118056 0.062500 0.234259
0 0.850260 0.113889 0.060937 0.222222
0 0.934896 0.108333 0.066667 0.214815
0 0.924740 0.481944 0.068229 0.245370
0 0.844531 0.482870 0.057813 0.256481
0 0.758333 0.462037 0.055208 0.229630
0 0.672396 0.469907 0.057292 0.260185
0 0.589063 0.456019 0.057292 0.219444
0 0.508333 0.477778 0.069792 0.261111
0 0.423698 0.484259 0.063021 0.262963
0 0.338542 0.480556 0.063542 0.262963
0 0.254427 0.469907 0.060937 0.239815
0 0.168490 0.477778 0.058854 0.255556
0 0.083333 0.484722 0.059375 0.252778
0 0.014844 0.481481 0.028646 0.251852
0 0.019271 0.800463 0.037500 0.334259
0 0.093490 0.800463 0.066146 0.297222
0 0.179167 0.803704 0.062500 0.361111
0 0.257031 0.802778 0.052604 0.288889
0 0.343750 0.795370 0.063542 0.311111
0 0.428385 0.804167 0.055729 0.360185
0 0.513542 0.797222 0.057292 0.370370
0 0.598958 0.798611 0.061458 0.280556
0 0.688021 0.794444 0.052083 0.324074
0 0.769010 0.798611 0.059896 0.347222
0 0.850260 0.802778 0.060937 0.264815
0 0.937760 0.803704 0.063021 0.383333
