0 0.914844 0.165741 0.079687 0.174074
0 0.832552 0.185648 0.065104 0.173148
0 0.753125 0.205556 0.069792 0.188889
0 0.663542 0.218056 0.065625 0.193519
0 0.579167 0.230556 0.064583 0.187037
0 0.496615 0.243056 0.065104 0.193519
0 0.411198 0.256019 0.069271 0.187963
0 0.327344 0.268519 0.064062 0.185185
0 0.244792 0.280093 0.063542 0.189815
0 0.160417 0.293981 0.061458 0.191667
0 0.084635 0.307870 0.086979 0.187963
0 0.011719 0.315741 0.022396 0.198148
0 0.085938 0.653241 0.056250 0.243519
0 0.171875 0.628704 0.065625 0.248148
0 0.257552 0.618056 0.067187 0.239815
0 0.340104 0.613426 0.065625 0.262037
0 0.424219 0.598148 0.064062 0.255556
0 0.511979 0.579630 0.072917 0.257407
0 0.586719 0.545833 0.073438 0.219444
0 0.670052 0.548611 0.070312 0.249074
0 0.755469 0.526852 0.066146 0.224074
0 0.844531 0.531481 0.068229 0.251852
0 0.932292 0.540741 0.069792 0.298148
0 0.958333 0.801389 0.066667 0.232407
0 0.872396 0.833796 0.063542 0.215741
0 0.783594 0.823611 0.050521 0.269444
0 0.699479 0.842593 0.066667 0.253704
0 0.617448 0.865278 0.060937 0.223148
0 0.533854 0.854167 0.068750 0.280556
0 0.446875 0.865278 0.064583 0.260185
0 0.361719 0.882407 0.068229 0.231481
0 0.275781 0.900463 0.066146 0.199074
0 0.192969 0.886574 0.063021 0.226852
0 0.108333 0.904630 0.063542 0.179630
0 0.036198 0.902778 0.039062 0.194444
