0 0.058854 0.301852 0.055208 0.218519
0 0.142448 0.296296 0.052604 0.240741
0 0.225521 0.283796 0.062500 0.256481
0 0.311458 0.281481 0.060417 0.266667
0 0.392188 0.285185 0.059375 0.246296
0 0.479687 0.304630 0.060417 0.218519
0 0.567708 0.281481 0.071875 0.266667
0 0.652865 0.279167 0.063021 0.243519
0 0.737760 0.270833 0.059896 0.245370
0 0.862500 0.270370 0.059375 0.244444
0 0.949219 0.279167 0.058854 0.243519
0 0.960156 0.662037 0.063021 0.255556
0 0.872396 0.681481 0.066667 0.311111
0 0.724740 0.662037 0.065104 0.255556
0 0.644271 0.663426 0.059375 0.256481
0 0.556250 0.639352 0.054167 0.236111
0 0.472917 0.650000 0.057292 0.250000
0 0.390365 0.639352 0.061979 0.215741
0 0.308073 0.656481 0.059896 0.255556
0 0.222396 0.662963 0.059375 0.262963
0 0.138281 0.661111 0.057813 0.259259
0 0.054688 0.651852 0.063542 0.235185
0 0.059115 0.923148 0.054688 0.153704
0 0.142448 0.912037 0.069271 0.175926
0 0.226562 0.902778 0.058333 0.194444
0 0.310156 0.898611 0.066146 0.202778
0 0.399219 0.921759 0.059896 0.156481
0 0.482812 0.909259 0.059375 0.181481
0 0.567708 0.904630 0.059375 0.190741
0 0.652344 0.925000 0.058854 0.150000
0 0.736458 0.897222 0.061458 0.205556
0 0.861719 0.897222 0.067187 0.201852
0 0.946875 0.928241 0.063542 0.143519
