0 0.933073 0.256481 0.065104 0.235185
0 0.846615 0.262963 0.071354 0.238889
0 0.765885 0.267593 0.073438 0.238889
0 0.678906 0.284259 0.058854 0.222222
0 0.593750 0.265741 0.058333 0.240741
0 0.510417 0.270370 0.059375 0.242593
0 0.427083 0.270833 0.063542 0.245370
0 0.339583 0.274074 0.057292 0.238889
0 0.258073 0.288426 0.056771 0.219444
0 0.172656 0.279167 0.059896 0.247222
0 0.097917 0.280556 0.085417 0.240741
0 0.083333 0.647222 0.061458 0.255556
0 0.170833 0.641204 0.057292 0.249074
0 0.253646 0.633796 0.059375 0.234259
0 0.338542 0.641667 0.066667 0.255556
0 0.418490 0.644444 0.061979 0.257407
0 0.506771 0.639352 0.065625 0.254630
0 0.584635 0.618519 0.064062 0.216667
0 0.670052 0.628704 0.055729 0.250000
0 0.753906 0.620833 0.058854 0.226852
0 0.841667 0.638426 0.062500 0.256481
0 0.924740 0.635185 0.067187 0.244444
0 0.938802 0.884722 0.060937 0.230556
0 0.852865 0.917130 0.054688 0.165741
0 0.769010 0.892130 0.061979 0.215741
0 0.682292 0.896759 0.059375 0.206481
0 0.600260 0.911574 0.058854 0.173148
0 0.512500 0.887963 0.062500 0.224074
0 0.426563 0.892130 0.059375 0.215741
0 0.345833 0.902778 0.065625 0.194444
0 0.254688 0.909722 0.057292 0.171296
0 0.175521 0.893981 0.068750 0.212037
0 0.092708 0.907870 0.071875 0.184259
0 0.021094 0.896296 0.041146 0.200000
0 0.018750 0.280556 0.036458 0.253704
0 0.013542 0.652778 0.026042 0.262963
