0 0.965885 0.881944 0.067187 0.236111
0 0.885677 0.888889 0.076563 0.222222
0 0.936458 0.534259 0.075000 0.216667
0 0.852344 0.548611 0.075521 0.200926
0 0.745313 0.543981 0.062500 0.208333
0 0.663021 0.532407 0.072917 0.212963
0 0.578125 0.519907 0.080208 0.237963
0 0.490625 0.506019 0.067708 0.210185
0 0.408594 0.479167 0.068229 0.226852
0 0.327604 0.463889 0.067708 0.235185
0 0.243750 0.444907 0.071875 0.234259
0 0.158594 0.429630 0.067187 0.229630
0 0.076302 0.417130 0.061979 0.215741
0 0.048698 0.759722 0.069271 0.245370
0 0.128906 0.791667 0.071354 0.244444
0 0.209635 0.809722 0.071354 0.252778
0 0.296615 0.818519 0.069271 0.261111
0 0.380208 0.814815 0.059375 0.216667
0 0.460156 0.841667 0.063021 0.257407
0 0.545312 0.856019 0.062500 0.223148
0 0.632812 0.879630 0.068750 0.240741
0 0.712500 0.890741 0.081250 0.218519
