0 0.059115 0.342593 0.058854 0.222222
0 0.144010 0.330556 0.063021 0.235185
0 0.228646 0.326389 0.062500 0.254630
0 0.311458 0.305556 0.060417 0.296296
0 0.395052 0.322222 0.060937 0.246296
0 0.481250 0.340278 0.059375 0.221296
0 0.569271 0.312500 0.072917 0.284259
0 0.654167 0.318519 0.057292 0.246296
0 0.736719 0.306019 0.060937 0.252778
0 0.816927 0.327315 0.036979 0.265741
0 0.900781 0.332407 0.086979 0.238889
0 0.973958 0.332407 0.052083 0.251852
0 0.968750 0.698148 0.059375 0.257407
0 0.883854 0.703241 0.058333 0.250926
0 0.814583 0.703704 0.028125 0.250000
0 0.728385 0.722685 0.064062 0.310185
0 0.646615 0.702778 0.057813 0.266667
0 0.557031 0.679630 0.052604 0.233333
0 0.473177 0.687963 0.060937 0.255556
0 0.388281 0.675000 0.064062 0.224074
0 0.308594 0.693981 0.064062 0.262037
0 0.221875 0.703241 0.059375 0.262037
0 0.138281 0.700463 0.056771 0.256481
0 0.056250 0.688426 0.060417 0.241667
0 0.058854 0.943519 0.053125 0.112963
0 0.146354 0.932407 0.060417 0.135185
0 0.223958 0.921759 0.065625 0.156481
0 0.316146 0.917130 0.058333 0.165741
0 0.400781 0.941667 0.061979 0.116667
0 0.486979 0.929167 0.054167 0.141667
0 0.569531 0.923148 0.057813 0.153704
0 0.653906 0.948148 0.052604 0.103704
0 0.739062 0.915278 0.059375 0.169444
0 0.816927 0.927315 0.036979 0.145370
0 0.893229 0.933796 0.066667 0.132407
0 0.973698 0.919907 0.051562 0.160185
