0 0.962240 0.232407 0.069271 0.174074
0 0.878125 0.233333 0.055208 0.168519
0 0.791146 0.228704 0.062500 0.166667
0 0.708073 0.232407 0.058854 0.174074
0 0.623958 0.231944 0.063542 0.171296
0 0.537760 0.231481 0.060937 0.172222
0 0.454167 0.230556 0.061458 0.170370
0 0.370312 0.231481 0.062500 0.175926
0 0.296875 0.230093 0.080208 0.175000
0 0.105469 0.232870 0.084896 0.169444
0 0.029427 0.233796 0.054688 0.175000
0 0.036719 0.560648 0.058854 0.254630
0 0.124219 0.568981 0.057813 0.247222
0 0.278385 0.568519 0.057813 0.246296
0 0.364583 0.562037 0.059375 0.251852
0 0.453385 0.560648 0.058854 0.232407
0 0.536198 0.567130 0.058854 0.254630
0 0.619792 0.570370 0.058333 0.255556
0 0.704948 0.562500 0.058854 0.260185
0 0.786719 0.544444 0.061979 0.216667
0 0.869010 0.555093 0.056771 0.249074
0 0.953125 0.546759 0.055208 0.228704
0 0.966927 0.849537 0.055729 0.273148
0 0.883594 0.860185 0.054688 0.255556
0 0.797135 0.867130 0.058854 0.234259
0 0.713021 0.841667 0.057292 0.281481
0 0.626823 0.839352 0.059896 0.265741
0 0.541667 0.855093 0.059375 0.252778
0 0.456250 0.868056 0.057292 0.234259
0 0.364583 0.843519 0.087500 0.285185
0 0.289583 0.862037 0.059375 0.240741
0 0.111979 0.856944 0.063542 0.243519
0 0.040885 0.845370 0.078646 0.287037
