0 0.931250 0.518981 0.064583 0.273148
0 0.847656 0.550463 0.060937 0.223148
0 0.761719 0.534722 0.055729 0.271296
0 0.678385 0.538426 0.058854 0.265741
0 0.590625 0.552315 0.062500 0.237963
0 0.506771 0.525463 0.059375 0.289815
0 0.421354 0.523611 0.062500 0.273148
0 0.337500 0.538889 0.067708 0.255556
0 0.252344 0.546296 0.056771 0.246296
0 0.159896 0.526852 0.086458 0.292593
0 0.084115 0.548148 0.067187 0.244444
0 0.015104 0.534259 0.029167 0.272222
0 0.011458 0.245833 0.021875 0.225000
0 0.073698 0.247685 0.060937 0.247222
0 0.159635 0.242130 0.058854 0.252778
0 0.247396 0.241204 0.061458 0.241667
0 0.330208 0.250000 0.062500 0.253704
0 0.413281 0.254167 0.059896 0.260185
0 0.502083 0.247222 0.065625 0.251852
0 0.577865 0.225463 0.063021 0.221296
0 0.660677 0.236574 0.060937 0.254630
0 0.749219 0.229167 0.056771 0.228704
0 0.835677 0.251852 0.064062 0.261111
0 0.921875 0.245370 0.061458 0.250000
0 0.986719 0.234259 0.026562 0.250000
0 0.991146 0.517593 0.017708 0.237037
