0 0.076563 0.747222 0.060417 0.250000
0 0.165365 0.742130 0.057813 0.243519
0 0.251563 0.735648 0.056250 0.230556
0 0.333333 0.747685 0.060417 0.250926
0 0.417187 0.751852 0.063542 0.255556
0 0.504687 0.744907 0.063542 0.256481
0 0.583594 0.723148 0.064062 0.212963
0 0.668490 0.736111 0.054688 0.244444
0 0.754167 0.727778 0.054167 0.220370
0 0.840885 0.746759 0.054688 0.247222
0 0.925521 0.769444 0.060417 0.300000
0 0.933333 0.940278 0.060417 0.119444
0 0.765365 0.943981 0.057813 0.110185
0 0.682292 0.948611 0.058333 0.102778
0 0.510417 0.937500 0.055208 0.125000
0 0.423438 0.943056 0.061458 0.113889
0 0.172917 0.942130 0.060417 0.115741
0 0.339844 0.953704 0.059896 0.092593
0 0.930729 0.412963 0.065625 0.133333
0 0.848177 0.415278 0.059896 0.137963
0 0.765104 0.425000 0.075000 0.155556
0 0.676562 0.422222 0.057292 0.151852
0 0.589583 0.420370 0.060417 0.148148
0 0.507031 0.422222 0.061979 0.150000
0 0.421875 0.422222 0.062500 0.151852
0 0.337500 0.424074 0.060417 0.153704
0 0.253906 0.422685 0.060937 0.150926
0 0.171875 0.423148 0.062500 0.153704
0 0.094792 0.422222 0.084375 0.150000
