0 0.931250 0.403241 0.063542 0.115741
0 0.847396 0.408333 0.059375 0.122222
0 0.759896 0.414352 0.064583 0.134259
0 0.673438 0.412500 0.062500 0.132407
0 0.587760 0.410648 0.057813 0.128704
0 0.506250 0.413426 0.063542 0.136111
0 0.421615 0.414352 0.063021 0.134259
0 0.336719 0.412963 0.061979 0.133333
0 0.254167 0.413889 0.067708 0.129630
0 0.167448 0.413426 0.065104 0.136111
0 0.091146 0.412037 0.085417 0.133333
0 0.078125 0.725000 0.058333 0.244444
0 0.164844 0.724537 0.061979 0.249074
0 0.252865 0.716667 0.057813 0.233333
0 0.335938 0.728241 0.061458 0.247222
0 0.416406 0.729167 0.066146 0.254630
0 0.504948 0.724074 0.069271 0.255556
0 0.582031 0.704167 0.064062 0.215741
0 0.667448 0.718056 0.059896 0.250926
0 0.752083 0.708796 0.059375 0.230556
0 0.839063 0.725926 0.062500 0.251852
0 0.926302 0.750926 0.068229 0.301852
0 0.935417 0.945370 0.059375 0.100000
0 0.850521 0.958796 0.055208 0.082407
0 0.763281 0.936574 0.060937 0.126852
0 0.683594 0.940278 0.053646 0.119444
0 0.592448 0.952315 0.064062 0.089815
0 0.510156 0.928241 0.055729 0.143519
0 0.423438 0.931944 0.056250 0.136111
0 0.340104 0.941667 0.058333 0.116667
0 0.174740 0.932407 0.066146 0.135185
0 0.253906 0.950463 0.055729 0.099074
0 0.089323 0.947685 0.065104 0.104630
