0 0.075781 0.271759 0.060937 0.241667
0 0.162500 0.262037 0.060417 0.244444
0 0.248958 0.260648 0.063542 0.237963
0 0.332292 0.271759 0.064583 0.247222
0 0.415625 0.274074 0.064583 0.257407
0 0.502865 0.267593 0.068229 0.251852
0 0.582812 0.243981 0.060417 0.210185
0 0.665104 0.259259 0.059375 0.253704
0 0.750000 0.247685 0.061458 0.226852
0 0.836719 0.266667 0.065104 0.253704
0 0.923177 0.285185 0.064062 0.301852
0 0.934115 0.556481 0.063021 0.246296
0 0.849479 0.576389 0.060417 0.225000
0 0.764062 0.552778 0.066667 0.266667
0 0.677604 0.559722 0.064583 0.260185
0 0.592448 0.570370 0.064062 0.238889
0 0.506771 0.542130 0.055208 0.280556
0 0.419010 0.539815 0.053646 0.268519
0 0.338281 0.558333 0.063021 0.255556
0 0.252604 0.566204 0.053125 0.243519
0 0.160156 0.543519 0.084896 0.283333
0 0.085938 0.564352 0.060417 0.243519
0 0.508854 0.956019 0.058333 0.087963
0 0.594010 0.955556 0.058854 0.088889
0 0.678906 0.952315 0.063021 0.095370
0 0.763802 0.953704 0.054688 0.092593
0 0.849740 0.955093 0.060937 0.089815
0 0.935417 0.957407 0.062500 0.081481
0 0.422917 0.956944 0.064583 0.073148
0 0.339062 0.950926 0.060417 0.087037
0 0.255469 0.956019 0.055729 0.087963
0 0.166927 0.952315 0.061979 0.095370
0 0.085156 0.956019 0.065104 0.087963
