0 0.730469 0.698148 0.066146 0.238889
0 0.719531 0.431019 0.064062 0.299074
0 0.633854 0.410648 0.062500 0.258333
0 0.547656 0.391204 0.056771 0.226852
0 0.462760 0.399074 0.053646 0.253704
0 0.376823 0.386574 0.063021 0.215741
0 0.298698 0.407407 0.065104 0.253704
0 0.212760 0.413889 0.059896 0.251852
0 0.128906 0.413889 0.064062 0.248148
0 0.044531 0.401852 0.057813 0.238889
0 0.050521 0.705093 0.062500 0.243519
0 0.133854 0.698148 0.059375 0.248148
0 0.219792 0.683333 0.061458 0.268519
0 0.305208 0.682407 0.065625 0.288889
0 0.389583 0.707870 0.064583 0.234259
0 0.477083 0.703704 0.059375 0.268519
0 0.558594 0.693519 0.060937 0.275926
0 0.643229 0.713889 0.054167 0.233333
