0 0.917969 0.644444 0.069271 0.294444
0 0.987240 0.621759 0.025521 0.256481
0 0.989583 0.892593 0.019792 0.214815
0 0.931250 0.898148 0.063542 0.203704
0 0.833333 0.630556 0.065625 0.248148
0 0.843490 0.912037 0.058854 0.175926
0 0.759635 0.887963 0.057813 0.220370
0 0.749219 0.610185 0.054688 0.229630
0 0.661719 0.620370 0.058854 0.250000
0 0.578125 0.608333 0.062500 0.216667
0 0.497917 0.627315 0.069792 0.258333
0 0.412760 0.637037 0.058854 0.259259
0 0.330990 0.630556 0.060937 0.253704
0 0.246615 0.620833 0.061979 0.236111
0 0.158073 0.624537 0.058854 0.252778
0 0.073177 0.630556 0.058854 0.240741
0 0.016667 0.888889 0.032292 0.222222
0 0.010417 0.616204 0.019792 0.223148
0 0.084375 0.898611 0.069792 0.202778
0 0.158333 0.881019 0.078125 0.237963
0 0.250260 0.902778 0.058854 0.194444
0 0.335417 0.897222 0.065625 0.205556
0 0.418750 0.886111 0.060417 0.227778
0 0.503906 0.881019 0.063021 0.237963
0 0.588802 0.907870 0.063021 0.184259
0 0.676562 0.893519 0.057292 0.212963
