0 0.267448 0.476852 0.065104 0.237037
0 0.351302 0.456944 0.068229 0.247222
0 0.436719 0.435648 0.068229 0.234259
0 0.523438 0.429630 0.071875 0.246296
0 0.605990 0.413426 0.075521 0.252778
0 0.692448 0.390278 0.076563 0.247222
0 0.770573 0.351852 0.066146 0.216667
0 0.852865 0.346759 0.071354 0.252778
0 0.934896 0.320833 0.066667 0.219444
0 0.966146 0.618519 0.067708 0.274074
0 0.883333 0.649537 0.072917 0.262037
0 0.798958 0.673611 0.072917 0.234259
0 0.714063 0.663889 0.075000 0.283333
0 0.630208 0.679167 0.071875 0.271296
0 0.546354 0.712963 0.070833 0.253704
0 0.461719 0.738426 0.072396 0.245370
0 0.370312 0.736574 0.085417 0.287963
0 0.293229 0.769444 0.069792 0.248148
0 0.224740 0.780556 0.040104 0.268519
0 0.132812 0.583796 0.078125 0.241667
0 0.056250 0.618056 0.071875 0.215741
0 0.030469 0.322685 0.059896 0.258333
0 0.111979 0.319907 0.075000 0.287963
0 0.177344 0.284722 0.038021 0.252778
0 0.904427 0.931019 0.055729 0.069444
0 0.730729 0.960185 0.063542 0.079630
0 0.157812 0.870833 0.062500 0.080556
