0 0.936458 0.677315 0.061458 0.252778
0 0.851562 0.671296 0.066667 0.231481
0 0.751563 0.666667 0.059375 0.235185
0 0.666146 0.676389 0.054167 0.247222
0 0.582552 0.664352 0.065104 0.221296
0 0.503125 0.686574 0.065625 0.252778
0 0.414844 0.692130 0.063021 0.258333
0 0.333854 0.691667 0.060417 0.251852
0 0.249219 0.677315 0.064062 0.234259
0 0.163542 0.684722 0.057292 0.250926
0 0.075521 0.689815 0.057292 0.237037
0 0.088021 0.932870 0.065625 0.134259
0 0.172656 0.913889 0.064062 0.172222
0 0.253646 0.932407 0.059375 0.135185
0 0.338802 0.923611 0.061979 0.152778
0 0.419792 0.913889 0.061458 0.172222
0 0.507812 0.909259 0.056250 0.181481
0 0.593229 0.936574 0.054167 0.126852
0 0.680208 0.925000 0.057292 0.150000
0 0.763281 0.918056 0.056771 0.163889
0 0.832812 0.919907 0.050000 0.160185
0 0.919792 0.919907 0.057292 0.160185
0 0.252083 0.391667 0.059375 0.092593
0 0.333333 0.392593 0.056250 0.092593
0 0.421354 0.393056 0.070833 0.093519
0 0.504427 0.391667 0.065104 0.096296
0 0.589583 0.392130 0.064583 0.093519
0 0.673177 0.395833 0.066146 0.097222
0 0.757812 0.397685 0.066667 0.095370
0 0.840104 0.395833 0.068750 0.097222
0 0.925000 0.393519 0.059375 0.092593
0 0.167187 0.392593 0.062500 0.098148
0 0.079948 0.392130 0.066146 0.093519
