0 0.922396 0.310185 0.067708 0.292593
0 0.839063 0.303704 0.060417 0.277778
0 0.750521 0.281481 0.062500 0.227778
0 0.664844 0.296759 0.058854 0.247222
0 0.583333 0.280556 0.066667 0.212963
0 0.505469 0.306944 0.066146 0.256481
0 0.416406 0.312963 0.063021 0.259259
0 0.335156 0.311574 0.063021 0.247222
0 0.250000 0.305093 0.061458 0.232407
0 0.164062 0.314815 0.061458 0.253704
0 0.075521 0.318519 0.058333 0.242593
0 0.089063 0.611574 0.062500 0.247222
0 0.164844 0.595370 0.085938 0.277778
0 0.257812 0.613889 0.061458 0.240741
0 0.342448 0.601389 0.064062 0.256481
0 0.425260 0.586111 0.063021 0.274074
0 0.512240 0.580093 0.063021 0.280556
0 0.597656 0.605556 0.064062 0.235185
0 0.682292 0.593519 0.063542 0.272222
0 0.764062 0.584259 0.066667 0.272222
0 0.851042 0.602315 0.065625 0.226852
0 0.938021 0.583796 0.062500 0.234259
