0 0.923958 0.129630 0.072917 0.138889
0 0.837760 0.131944 0.064062 0.137963
0 0.755208 0.134259 0.072917 0.125926
0 0.668750 0.132407 0.065625 0.129630
0 0.582031 0.130556 0.074479 0.135185
0 0.496615 0.129630 0.065104 0.135185
0 0.411458 0.132407 0.065625 0.125926
0 0.327604 0.133333 0.060417 0.127778
0 0.237240 0.137037 0.064062 0.129630
0 0.156250 0.137037 0.066667 0.120370
0 0.071094 0.140741 0.063021 0.114815
0 0.070052 0.531944 0.057813 0.239815
0 0.008073 0.527315 0.015104 0.219444
0 0.011458 0.816204 0.021875 0.267593
0 0.075260 0.831481 0.057813 0.250000
0 0.151042 0.809259 0.086458 0.298148
0 0.246615 0.826389 0.058854 0.249074
0 0.330990 0.827778 0.067187 0.251852
0 0.414062 0.806944 0.067708 0.275000
0 0.406771 0.537963 0.062500 0.248148
0 0.153906 0.527315 0.057813 0.249074
0 0.240885 0.531481 0.060937 0.242593
0 0.325260 0.533796 0.067187 0.252778
0 0.495573 0.530093 0.064062 0.256481
0 0.501823 0.805093 0.059896 0.280556
0 0.574479 0.511574 0.066667 0.217593
0 0.585156 0.833796 0.063021 0.236111
0 0.672396 0.822685 0.060417 0.269444
0 0.660156 0.523148 0.055729 0.250000
0 0.742448 0.512963 0.060937 0.224074
0 0.830729 0.527778 0.060417 0.253704
0 0.753646 0.818056 0.062500 0.276852
0 0.839323 0.835185 0.060937 0.231481
0 0.928125 0.811111 0.067708 0.244444
0 0.983333 0.529630 0.033333 0.262963
0 0.986719 0.807870 0.026562 0.239815
0 0.916406 0.549537 0.063021 0.295370
