0 0.066667 0.312500 0.060417 0.236111
0 0.151823 0.308796 0.057813 0.247222
0 0.241406 0.308796 0.059896 0.241667
0 0.323958 0.312963 0.060417 0.264815
0 0.407813 0.318056 0.059375 0.260185
0 0.493750 0.313426 0.063542 0.250926
0 0.573958 0.292593 0.060417 0.207407
0 0.658594 0.304630 0.056771 0.251852
0 0.742188 0.295370 0.060417 0.229630
0 0.831250 0.313889 0.059375 0.251852
0 0.916667 0.332407 0.061458 0.303704
0 0.979948 0.312963 0.040104 0.274074
0 0.989323 0.587963 0.021354 0.240741
0 0.925781 0.594907 0.066146 0.243519
0 0.836979 0.622685 0.068750 0.219444
0 0.753906 0.599074 0.064062 0.272222
0 0.668229 0.607407 0.062500 0.257407
0 0.583854 0.614815 0.062500 0.227778
0 0.497917 0.589815 0.065625 0.285185
0 0.413021 0.589352 0.068750 0.271296
0 0.330729 0.600463 0.068750 0.243519
0 0.244792 0.610185 0.056250 0.242593
0 0.148958 0.588889 0.080208 0.300000
0 0.077083 0.612500 0.064583 0.243519
0 0.011979 0.612037 0.020833 0.264815
0 0.006250 0.312963 0.011458 0.212963
0 0.069010 0.925926 0.070312 0.148148
0 0.156250 0.929167 0.066667 0.141667
0 0.240365 0.927315 0.060937 0.145370
0 0.327083 0.926389 0.060417 0.147222
0 0.410156 0.924537 0.063021 0.150926
0 0.496354 0.923611 0.062500 0.152778
0 0.586979 0.931944 0.060417 0.136111
0 0.670833 0.930556 0.057292 0.138889
0 0.759375 0.933796 0.063542 0.132407
0 0.844271 0.930556 0.059375 0.138889
0 0.929948 0.925000 0.060937 0.150000
0 0.988542 0.922685 0.021875 0.154630
