0 0.085417 0.172222 0.076042 0.237037
0 0.174219 0.200000 0.071354 0.250000
0 0.260677 0.215278 0.072396 0.243519
0 0.344010 0.251389 0.082812 0.256481
0 0.425260 0.275463 0.073438 0.252778
0 0.510156 0.293519 0.072396 0.259259
0 0.592448 0.293981 0.071354 0.217593
0 0.674479 0.329167 0.073958 0.245370
0 0.758594 0.344444 0.070312 0.225926
0 0.843490 0.387963 0.079687 0.257407
0 0.928125 0.429630 0.078125 0.294444
0 0.988802 0.420370 0.022396 0.233333
0 0.978125 0.708796 0.039583 0.236111
0 0.913021 0.690741 0.072917 0.238889
0 0.827865 0.692130 0.061979 0.228704
0 0.743490 0.651852 0.076563 0.270370
0 0.658854 0.630093 0.068750 0.260185
0 0.573438 0.618519 0.075000 0.235185
0 0.491667 0.566204 0.078125 0.280556
0 0.404427 0.542130 0.070312 0.273148
0 0.323958 0.537500 0.070833 0.252778
0 0.238021 0.520370 0.065625 0.238889
0 0.150260 0.472685 0.092188 0.291667
0 0.074219 0.468519 0.076563 0.242593
0 0.014323 0.450000 0.027604 0.224074
0 0.038021 0.796759 0.069792 0.173148
0 0.119792 0.826389 0.068750 0.162037
0 0.203125 0.841667 0.063542 0.168519
0 0.289844 0.864815 0.066146 0.174074
0 0.372917 0.891667 0.069792 0.170370
0 0.460417 0.908796 0.070833 0.182407
0 0.544271 0.926389 0.071875 0.147222
0 0.629948 0.937500 0.061979 0.125000
0 0.718490 0.960185 0.065104 0.079630
0 0.797917 0.956019 0.070833 0.087963
0 0.885417 0.963426 0.068750 0.069444
