0 0.948698 0.241667 0.060937 0.192593
0 0.860417 0.239815 0.061458 0.188889
0 0.783073 0.243981 0.028646 0.197222
0 0.710938 0.262963 0.064583 0.229630
0 0.623958 0.244444 0.061458 0.198148
0 0.537760 0.231481 0.060937 0.166667
0 0.453125 0.241667 0.056250 0.192593
0 0.367188 0.224537 0.066667 0.156481
0 0.290365 0.247685 0.060937 0.199074
0 0.202604 0.247685 0.060417 0.204630
0 0.116406 0.244444 0.063021 0.201852
0 0.033594 0.233796 0.057813 0.171296
0 0.041406 0.509722 0.058854 0.247222
0 0.125781 0.506944 0.064062 0.247222
0 0.209896 0.489352 0.066667 0.267593
0 0.296875 0.488889 0.065625 0.283333
0 0.381250 0.521296 0.063542 0.231481
0 0.466927 0.510185 0.061979 0.270370
0 0.550260 0.497222 0.061979 0.277778
0 0.635417 0.519444 0.063542 0.227778
0 0.724219 0.495833 0.058854 0.250926
0 0.782813 0.491667 0.034375 0.246296
0 0.870573 0.514815 0.064062 0.237037
0 0.945312 0.488426 0.085417 0.297222
0 0.951042 0.877315 0.063542 0.245370
0 0.864583 0.877315 0.063542 0.245370
0 0.786198 0.874074 0.027604 0.251852
0 0.722396 0.874074 0.079167 0.251852
0 0.634635 0.875463 0.068229 0.249074
0 0.549740 0.878704 0.077604 0.242593
0 0.471354 0.873148 0.078125 0.240741
0 0.380729 0.878704 0.062500 0.229630
0 0.292708 0.872222 0.061458 0.238889
0 0.206250 0.877315 0.064583 0.245370
0 0.122396 0.876389 0.056250 0.243519
0 0.035156 0.875926 0.060937 0.244444
