0 0.914844 0.381019 0.066146 0.284259
0 0.928906 0.653241 0.065104 0.243519
0 0.986719 0.356944 0.026562 0.254630
0 0.988802 0.638889 0.022396 0.233333
0 0.932813 0.955093 0.061458 0.089815
0 0.846354 0.953704 0.058333 0.092593
0 0.840625 0.675926 0.069792 0.222222
0 0.758073 0.651389 0.057813 0.276852
0 0.761719 0.964352 0.066146 0.071296
0 0.673438 0.960648 0.059375 0.078704
0 0.672917 0.662500 0.064583 0.267593
0 0.660937 0.357407 0.057292 0.244444
0 0.745833 0.351389 0.054167 0.232407
0 0.573958 0.345370 0.070833 0.212963
0 0.493229 0.368981 0.068750 0.256481
0 0.409115 0.375926 0.064062 0.257407
0 0.326302 0.373611 0.059896 0.241667
0 0.242188 0.366204 0.057292 0.236111
0 0.154688 0.371296 0.059375 0.248148
0 0.067708 0.374074 0.058333 0.238889
0 0.007812 0.363426 0.014583 0.206481
0 0.014063 0.661111 0.027083 0.261111
0 0.077865 0.675463 0.058854 0.243519
0 0.151823 0.650463 0.081771 0.291667
0 0.248958 0.672222 0.061458 0.242593
0 0.334375 0.665741 0.067708 0.251852
0 0.417187 0.647222 0.062500 0.266667
0 0.505469 0.644907 0.063021 0.284259
0 0.587500 0.674074 0.057292 0.235185
0 0.589844 0.960648 0.058854 0.078704
0 0.500521 0.949537 0.064583 0.100926
0 0.413802 0.953704 0.060937 0.092593
0 0.329948 0.961574 0.063021 0.076852
0 0.242708 0.958333 0.059375 0.083333
0 0.158594 0.958796 0.067187 0.082407
0 0.069792 0.962963 0.059375 0.074074
0 0.832552 0.366204 0.065104 0.254630
