0 0.064323 0.103704 0.059896 0.200000
0 0.150260 0.101389 0.064062 0.200926
0 0.234375 0.102778 0.065625 0.196296
0 0.325000 0.098611 0.062500 0.191667
0 0.403906 0.100926 0.067187 0.196296
0 0.492969 0.099537 0.063021 0.197222
0 0.580990 0.100000 0.064062 0.198148
0 0.673698 0.099537 0.079687 0.197222
0 0.757552 0.101852 0.068229 0.190741
0 0.840365 0.099074 0.063021 0.196296
0 0.925781 0.099074 0.066146 0.196296
0 0.911719 0.471296 0.061979 0.250000
0 0.984115 0.460185 0.031771 0.225926
0 0.827604 0.453704 0.064583 0.216667
0 0.739844 0.440741 0.061979 0.188889
0 0.655208 0.449537 0.057292 0.208333
0 0.570573 0.433796 0.057813 0.176852
0 0.489583 0.456944 0.068750 0.221296
0 0.401562 0.460185 0.064583 0.229630
0 0.317448 0.457407 0.061979 0.220370
0 0.236198 0.442130 0.058854 0.197222
0 0.148438 0.451389 0.064583 0.208333
0 0.062500 0.449074 0.059375 0.200000
0 0.006250 0.440278 0.011458 0.184259
0 0.005729 0.103241 0.010417 0.175000
0 0.011458 0.730556 0.021875 0.261111
0 0.068750 0.736574 0.061458 0.249074
0 0.147396 0.708796 0.087500 0.300926
0 0.240104 0.727315 0.062500 0.250926
0 0.326562 0.726389 0.066667 0.252778
0 0.410938 0.705093 0.067708 0.271296
0 0.497656 0.706481 0.067187 0.287037
0 0.582292 0.735185 0.061458 0.229630
0 0.669792 0.726852 0.059375 0.277778
0 0.752344 0.718981 0.060937 0.275000
0 0.836198 0.741667 0.067187 0.229630
0 0.924479 0.710648 0.064583 0.245370
0 0.985156 0.711574 0.029687 0.230556
