0 0.035937 0.250000 0.062500 0.212963
0 0.120833 0.260648 0.064583 0.234259
0 0.203385 0.268056 0.066146 0.237963
0 0.291667 0.264815 0.068750 0.242593
0 0.370833 0.243056 0.064583 0.193519
0 0.455469 0.259722 0.064062 0.228704
0 0.537500 0.246296 0.063542 0.201852
0 0.626042 0.264352 0.064583 0.232407
0 0.713542 0.283333 0.068750 0.275926
0 0.724740 0.537500 0.064062 0.236111
0 0.637760 0.556019 0.056771 0.223148
0 0.551562 0.538889 0.062500 0.281481
0 0.468750 0.546759 0.055208 0.260185
0 0.380990 0.558796 0.064062 0.234259
0 0.296094 0.525463 0.068229 0.284259
0 0.211979 0.529167 0.062500 0.275000
0 0.131250 0.547222 0.064583 0.246296
0 0.041927 0.549537 0.063021 0.247222
0 0.034635 0.899537 0.061979 0.200926
0 0.126823 0.893056 0.061979 0.210185
0 0.207292 0.894907 0.063542 0.210185
0 0.294010 0.892593 0.063021 0.214815
0 0.383073 0.900000 0.064062 0.200000
0 0.473958 0.894907 0.076042 0.210185
0 0.554427 0.898148 0.074479 0.203704
0 0.639583 0.895833 0.069792 0.208333
0 0.723437 0.893519 0.075000 0.212963
0 0.778906 0.265278 0.029687 0.234259
0 0.782813 0.529630 0.027083 0.238889
0 0.787240 0.895833 0.028646 0.208333
