0 0.917448 0.367593 0.067187 0.296296
0 0.985156 0.344907 0.029687 0.262037
0 0.988021 0.617130 0.023958 0.221296
0 0.928906 0.637500 0.063021 0.243519
0 0.842448 0.656944 0.058854 0.219444
0 0.829427 0.351389 0.066146 0.250926
0 0.742708 0.333796 0.062500 0.226852
0 0.658333 0.344907 0.059375 0.249074
0 0.577083 0.327315 0.067708 0.210185
0 0.496615 0.348148 0.063021 0.250000
0 0.408594 0.355556 0.060937 0.248148
0 0.324479 0.357407 0.058333 0.250000
0 0.241146 0.343519 0.059375 0.235185
0 0.154688 0.343981 0.059375 0.247222
0 0.068490 0.350926 0.060937 0.237037
0 0.007812 0.336111 0.014583 0.201852
0 0.013542 0.639352 0.026042 0.273148
0 0.078646 0.656019 0.064583 0.249074
0 0.150000 0.631019 0.081250 0.284259
0 0.244792 0.651389 0.059375 0.247222
0 0.331510 0.642593 0.063021 0.259259
0 0.415104 0.627778 0.065625 0.268519
0 0.500000 0.626852 0.072917 0.288889
0 0.585938 0.656481 0.061458 0.231481
0 0.671094 0.646296 0.065104 0.264815
0 0.755208 0.637037 0.066667 0.272222
0 0.931771 0.946296 0.057292 0.107407
0 0.845313 0.950463 0.059375 0.099074
0 0.759635 0.955556 0.065104 0.088889
0 0.673177 0.949537 0.059896 0.100926
0 0.587240 0.951389 0.061979 0.097222
0 0.497656 0.943056 0.060937 0.113889
0 0.410156 0.946296 0.061979 0.107407
0 0.331250 0.948148 0.053125 0.103704
0 0.240365 0.946759 0.064062 0.106481
0 0.157292 0.947685 0.067708 0.104630
0 0.073177 0.947685 0.065104 0.104630
