0 0.936198 0.258333 0.066146 0.225926
0 0.854167 0.269444 0.058333 0.248148
0 0.770312 0.257407 0.064583 0.212963
0 0.692187 0.274537 0.072917 0.252778
0 0.604167 0.279630 0.062500 0.255556
0 0.521875 0.281019 0.064583 0.258333
0 0.436979 0.267593 0.062500 0.231481
0 0.350000 0.270833 0.060417 0.249074
0 0.263021 0.274074 0.060417 0.237037
0 0.190885 0.274537 0.038021 0.252778
0 0.114583 0.290278 0.065625 0.284259
0 0.126562 0.558333 0.069792 0.237037
0 0.040885 0.581481 0.065104 0.227778
0 0.032031 0.276852 0.057813 0.261111
0 0.037240 0.905093 0.070312 0.184259
0 0.124740 0.902778 0.078646 0.194444
0 0.267448 0.907407 0.067187 0.185185
0 0.352604 0.907407 0.068750 0.185185
0 0.436198 0.906481 0.058854 0.175926
0 0.526823 0.905093 0.063021 0.189815
0 0.609115 0.905093 0.066146 0.189815
0 0.694792 0.902778 0.063542 0.194444
0 0.783073 0.911111 0.066146 0.177778
0 0.875781 0.908796 0.074479 0.182407
0 0.958594 0.915741 0.059896 0.168519
0 0.951302 0.559259 0.065104 0.272222
0 0.867188 0.566204 0.066667 0.265741
0 0.781771 0.575000 0.064583 0.235185
0 0.698177 0.548148 0.061979 0.287037
0 0.612500 0.544444 0.067708 0.268519
0 0.529427 0.568056 0.072396 0.252778
0 0.442969 0.561111 0.066146 0.250000
0 0.348177 0.549074 0.089063 0.296296
0 0.272656 0.571759 0.059896 0.245370
