0 0.976562 0.202315 0.036458 0.182407
0 0.904948 0.220370 0.064062 0.212963
0 0.922656 0.445833 0.068229 0.243519
0 0.820833 0.212500 0.062500 0.175000
0 0.732552 0.199074 0.061979 0.144444
0 0.649219 0.218056 0.058854 0.169444
0 0.560417 0.210185 0.065625 0.135185
0 0.484896 0.237037 0.072917 0.181481
0 0.394271 0.247685 0.065625 0.186111
0 0.314063 0.251852 0.066667 0.181481
0 0.225521 0.243981 0.066667 0.149074
0 0.140885 0.261574 0.066146 0.169444
0 0.054948 0.263889 0.060937 0.162963
0 0.009896 0.532870 0.018750 0.245370
0 0.071875 0.524074 0.061458 0.255556
0 0.145573 0.502315 0.086979 0.300926
0 0.240885 0.509259 0.060937 0.250000
0 0.328125 0.500926 0.065625 0.246296
0 0.408854 0.475926 0.070833 0.270370
0 0.496615 0.471759 0.072396 0.286111
0 0.579948 0.495370 0.063021 0.237037
0 0.667708 0.500000 0.057292 0.227778
0 0.749479 0.460648 0.064583 0.278704
0 0.838281 0.472685 0.063021 0.234259
0 0.984375 0.433796 0.031250 0.243519
0 0.929948 0.823148 0.081771 0.251852
0 0.841667 0.832870 0.067708 0.262037
0 0.763021 0.856944 0.066667 0.254630
0 0.680729 0.839352 0.079167 0.228704
0 0.588281 0.868981 0.061979 0.262037
0 0.500781 0.852315 0.070312 0.241667
0 0.413542 0.872222 0.062500 0.255556
0 0.331510 0.873611 0.059896 0.252778
0 0.241146 0.875926 0.059375 0.238889
0 0.157812 0.881944 0.070833 0.236111
0 0.072656 0.885648 0.066146 0.228704
