0 0.935677 0.211111 0.066146 0.259259
0 0.852865 0.201852 0.064062 0.277778
0 0.744792 0.201389 0.072917 0.276852
0 0.661979 0.211574 0.070833 0.267593
0 0.577083 0.227315 0.064583 0.237963
0 0.491927 0.187963 0.064062 0.292593
0 0.404427 0.187037 0.061979 0.279630
0 0.323698 0.209722 0.074479 0.243519
0 0.237760 0.212037 0.061979 0.251852
0 0.143490 0.190741 0.089063 0.300000
0 0.068229 0.219907 0.062500 0.254630
0 0.060937 0.594907 0.068750 0.269444
0 0.149479 0.594907 0.066667 0.262037
0 0.231250 0.589352 0.062500 0.262037
0 0.322396 0.587963 0.062500 0.262963
0 0.404167 0.610185 0.065625 0.312963
0 0.490625 0.576389 0.063542 0.249074
0 0.578646 0.593519 0.064583 0.259259
0 0.669531 0.574074 0.077604 0.227778
0 0.751302 0.610648 0.071354 0.287963
0 0.850000 0.612963 0.064583 0.292593
0 0.928125 0.577778 0.073958 0.216667
