0 0.115885 0.188426 0.066146 0.086111
0 0.198177 0.188889 0.063021 0.090741
0 0.285156 0.187500 0.069271 0.084259
0 0.453125 0.182407 0.056250 0.074074
0 0.624219 0.187500 0.065104 0.076852
0 0.704948 0.204167 0.076563 0.115741
0 0.718490 0.376852 0.066146 0.246296
0 0.632812 0.400463 0.060417 0.237963
0 0.546094 0.381019 0.065104 0.280556
0 0.463802 0.392593 0.061979 0.257407
0 0.378125 0.401852 0.062500 0.235185
0 0.292448 0.368056 0.057813 0.291667
0 0.203646 0.366204 0.072917 0.286111
0 0.126302 0.393981 0.064062 0.245370
0 0.037500 0.390741 0.060417 0.250000
0 0.032552 0.768981 0.064062 0.260185
0 0.122396 0.763889 0.061458 0.259259
0 0.202865 0.790278 0.063021 0.308333
0 0.291667 0.753704 0.065625 0.251852
0 0.379427 0.771296 0.060937 0.259259
0 0.470573 0.758333 0.079687 0.248148
0 0.551562 0.786574 0.067708 0.287963
0 0.635417 0.768981 0.069792 0.258333
0 0.723437 0.759259 0.067708 0.253704
0 0.786719 0.759722 0.024479 0.258333
0 0.384375 0.956944 0.061458 0.086111
0 0.293490 0.951389 0.061979 0.097222
