0 0.982552 0.289815 0.034896 0.250000
0 0.915885 0.293519 0.065104 0.246296
0 0.830469 0.315278 0.060937 0.234259
0 0.744792 0.297222 0.062500 0.285185
0 0.662240 0.314352 0.057813 0.267593
0 0.574219 0.323148 0.064062 0.242593
0 0.486979 0.290741 0.063542 0.290741
0 0.404948 0.288889 0.069271 0.281481
0 0.322396 0.305093 0.070833 0.250926
0 0.237760 0.310185 0.065104 0.250000
0 0.140885 0.292130 0.086979 0.293519
0 0.064583 0.317130 0.059375 0.250926
0 0.060677 0.689815 0.065104 0.255556
0 0.147135 0.693519 0.064062 0.257407
0 0.230208 0.687963 0.063542 0.255556
0 0.320312 0.685185 0.061458 0.253704
0 0.401042 0.711111 0.066667 0.309259
0 0.489844 0.671296 0.066146 0.240741
0 0.577604 0.692593 0.064583 0.264815
0 0.667448 0.679630 0.074479 0.229630
0 0.747396 0.701389 0.075000 0.282407
0 0.833854 0.683796 0.062500 0.249074
0 0.922656 0.679630 0.068229 0.251852
0 0.989323 0.686111 0.021354 0.261111
0 0.984896 0.923611 0.026042 0.152778
0 0.921094 0.925926 0.065104 0.142593
0 0.830208 0.942130 0.066667 0.115741
0 0.748177 0.929630 0.066146 0.140741
0 0.663021 0.942130 0.062500 0.115741
0 0.581771 0.916667 0.073958 0.166667
0 0.492188 0.912037 0.068750 0.175926
0 0.405990 0.935185 0.066146 0.129630
0 0.317188 0.931019 0.057292 0.137963
0 0.237240 0.923611 0.067187 0.152778
0 0.145573 0.928241 0.063021 0.143519
0 0.057552 0.927778 0.061979 0.144444
