0 0.275781 0.268519 0.058854 0.246296
0 0.354948 0.257870 0.092188 0.304630
0 0.444531 0.287963 0.063021 0.251852
0 0.531250 0.302315 0.063542 0.247222
0 0.613021 0.288889 0.062500 0.279630
0 0.696875 0.304167 0.067708 0.299074
0 0.781771 0.355556 0.062500 0.238889
0 0.868750 0.356944 0.060417 0.262037
0 0.954167 0.360648 0.070833 0.269444
0 0.939583 0.767130 0.067708 0.286111
0 0.857552 0.722222 0.075521 0.235185
0 0.767448 0.728704 0.066146 0.264815
0 0.682813 0.692130 0.064583 0.245370
0 0.591406 0.714352 0.074479 0.302778
0 0.513542 0.678704 0.059375 0.250000
0 0.424219 0.664815 0.064062 0.259259
0 0.340104 0.656481 0.066667 0.266667
0 0.252344 0.643981 0.067187 0.254630
0 0.237760 0.868981 0.066146 0.121296
0 0.322917 0.882407 0.062500 0.129630
0 0.415885 0.893056 0.070312 0.141667
0 0.496354 0.917593 0.065625 0.118519
0 0.582552 0.933333 0.067187 0.120370
0 0.669271 0.913889 0.068750 0.155556
0 0.760156 0.933796 0.068229 0.132407
0 0.927083 0.958796 0.056250 0.082407
