0 0.911719 0.099074 0.055729 0.192593
0 0.819271 0.090741 0.059375 0.179630
0 0.735938 0.100926 0.059375 0.200000
0 0.655208 0.067130 0.070833 0.132407
0 0.561719 0.081481 0.067187 0.161111
0 0.473958 0.057870 0.063542 0.113889
0 0.385677 0.087037 0.066146 0.172222
0 0.306510 0.053704 0.053646 0.105556
0 0.215365 0.048611 0.061979 0.095370
0 0.132292 0.047222 0.064583 0.092593
0 0.048177 0.039352 0.063021 0.076852
0 0.074740 0.331019 0.063021 0.106481
0 0.163281 0.347222 0.061979 0.120370
0 0.249219 0.354167 0.059896 0.102778
0 0.333073 0.377315 0.066146 0.128704
0 0.414583 0.393519 0.067708 0.133333
0 0.502083 0.404167 0.065625 0.123148
0 0.583073 0.392130 0.069271 0.075000
0 0.666667 0.424074 0.059375 0.116667
0 0.749219 0.426389 0.064062 0.093519
0 0.836979 0.450000 0.066667 0.125926
0 0.919531 0.481481 0.071354 0.161111
0 0.924479 0.680556 0.068750 0.237037
0 0.983333 0.688426 0.033333 0.245370
0 0.834896 0.690278 0.065625 0.226852
0 0.752083 0.661111 0.069792 0.277778
0 0.665365 0.660185 0.071354 0.255556
0 0.581510 0.654630 0.069271 0.240741
0 0.496094 0.609722 0.071354 0.287963
0 0.409115 0.593519 0.074479 0.283333
0 0.328125 0.599537 0.068750 0.245370
0 0.242708 0.590741 0.065625 0.253704
0 0.151042 0.556019 0.090625 0.295370
0 0.074740 0.568519 0.070312 0.246296
0 0.050521 0.906019 0.068750 0.187963
0 0.136198 0.913426 0.070312 0.173148
0 0.219792 0.920370 0.065625 0.159259
0 0.308594 0.922685 0.058854 0.154630
0 0.390625 0.929630 0.065625 0.140741
0 0.479427 0.935185 0.065104 0.129630
0 0.567187 0.950926 0.064583 0.098148
0 0.652344 0.949537 0.060937 0.100926
0 0.733073 0.958333 0.072396 0.083333
0 0.820312 0.958796 0.067708 0.082407
0 0.904687 0.963426 0.069792 0.073148
