0 0.059635 0.208796 0.060937 0.126852
0 0.146094 0.211111 0.058854 0.135185
0 0.231510 0.202778 0.057813 0.109259
0 0.316146 0.217130 0.062500 0.141667
0 0.401302 0.220370 0.063021 0.148148
0 0.489583 0.215278 0.065625 0.143519
0 0.568490 0.195370 0.067187 0.098148
0 0.652083 0.209722 0.060417 0.132407
0 0.737240 0.198148 0.060937 0.103704
0 0.823698 0.214815 0.070312 0.133333
0 0.908073 0.230556 0.072396 0.174074
0 0.978906 0.216667 0.042188 0.140741
0 0.987240 0.433796 0.025521 0.250926
0 0.922917 0.440741 0.063542 0.244444
0 0.836458 0.456019 0.059375 0.230556
0 0.750000 0.441204 0.056250 0.275000
0 0.665104 0.452778 0.058333 0.257407
0 0.578906 0.460185 0.059896 0.229630
0 0.494010 0.429630 0.059896 0.290741
0 0.406771 0.428241 0.064583 0.273148
0 0.324740 0.448148 0.070312 0.248148
0 0.239844 0.450926 0.055729 0.248148
0 0.144531 0.428704 0.086979 0.296296
0 0.069271 0.456019 0.066667 0.250926
0 0.009115 0.456481 0.017188 0.251852
0 0.062240 0.835185 0.063021 0.257407
0 0.148958 0.831944 0.065625 0.262037
0 0.234375 0.831019 0.059375 0.252778
0 0.323177 0.825463 0.058854 0.262037
0 0.405469 0.847685 0.067187 0.299074
0 0.492969 0.810648 0.063021 0.236111
0 0.579688 0.834259 0.062500 0.251852
0 0.673958 0.816667 0.076042 0.220370
0 0.752604 0.849074 0.075000 0.288889
0 0.834115 0.822685 0.068229 0.256481
0 0.921354 0.821759 0.078125 0.258333
0 0.983594 0.817593 0.032813 0.250000
