0 0.947917 0.143519 0.055208 0.281481
0 0.861198 0.151852 0.059896 0.264815
0 0.778906 0.161111 0.057813 0.227778
0 0.694010 0.137037 0.066146 0.272222
0 0.601823 0.134722 0.067187 0.263889
0 0.522917 0.148611 0.067708 0.247222
0 0.436719 0.147222 0.059896 0.244444
0 0.341667 0.144444 0.086458 0.279630
0 0.268229 0.159259 0.060417 0.250000
0 0.117708 0.135648 0.067708 0.252778
0 0.030729 0.156481 0.057292 0.231481
0 0.183073 0.133333 0.033854 0.248148
0 0.037500 0.528241 0.051042 0.252778
0 0.122396 0.522222 0.066667 0.253704
0 0.188021 0.518981 0.026042 0.247222
0 0.262500 0.532870 0.062500 0.256481
0 0.345573 0.535185 0.063021 0.259259
0 0.431510 0.528241 0.060937 0.254630
0 0.520833 0.527315 0.061458 0.250926
0 0.603125 0.551852 0.060417 0.305556
0 0.690104 0.515741 0.064583 0.248148
0 0.774740 0.536574 0.064062 0.256481
0 0.870313 0.520370 0.075000 0.231481
0 0.950521 0.547222 0.070833 0.285185
0 0.950781 0.803704 0.060937 0.194444
0 0.782031 0.806944 0.067187 0.256481
0 0.692187 0.800000 0.060417 0.272222
0 0.607031 0.797222 0.060937 0.198148
0 0.519531 0.798148 0.060937 0.205556
0 0.435677 0.796759 0.061979 0.215741
0 0.258073 0.798611 0.060937 0.195370
0 0.121354 0.797685 0.066667 0.215741
0 0.185156 0.800463 0.029687 0.223148
0 0.601562 0.948148 0.051042 0.103704
0 0.954688 0.952315 0.066667 0.095370
