0 0.065625 0.492593 0.065625 0.255556
0 0.140625 0.482870 0.082292 0.271296
0 0.235417 0.487037 0.061458 0.250000
0 0.321875 0.489815 0.070833 0.255556
0 0.403646 0.478704 0.068750 0.259259
0 0.490365 0.480556 0.064062 0.268519
0 0.575521 0.503704 0.064583 0.235185
0 0.661458 0.492130 0.062500 0.262037
0 0.746615 0.481019 0.054688 0.269444
0 0.831771 0.498148 0.065625 0.235185
0 0.914583 0.478241 0.069792 0.247222
0 0.982552 0.468056 0.034896 0.237963
0 0.983333 0.861574 0.033333 0.254630
0 0.918490 0.858796 0.073438 0.252778
0 0.827865 0.862037 0.072396 0.259259
0 0.744792 0.870833 0.079167 0.258333
0 0.666667 0.851852 0.079167 0.227778
0 0.575781 0.866204 0.067187 0.249074
0 0.490104 0.852315 0.067708 0.241667
0 0.401042 0.870370 0.065625 0.259259
0 0.318490 0.864815 0.056771 0.251852
0 0.229687 0.868056 0.064583 0.263889
0 0.146354 0.868981 0.075000 0.256481
0 0.059115 0.870370 0.069271 0.259259
