0 0.045312 0.201389 0.059375 0.152778
0 0.134375 0.191667 0.061458 0.142593
0 0.266406 0.190278 0.059896 0.143519
0 0.352083 0.199537 0.057292 0.158333
0 0.439583 0.192130 0.055208 0.136111
0 0.523177 0.211574 0.060937 0.163889
0 0.606250 0.219444 0.062500 0.161111
0 0.695833 0.225463 0.062500 0.165741
0 0.773698 0.209722 0.064062 0.117593
0 0.859115 0.229167 0.052604 0.149074
0 0.943750 0.225926 0.063542 0.129630
0 0.950000 0.475000 0.067708 0.277778
0 0.865625 0.480556 0.063542 0.266667
0 0.778646 0.487500 0.061458 0.234259
0 0.694531 0.450463 0.063021 0.284259
0 0.608594 0.441204 0.060937 0.280556
0 0.526823 0.456944 0.064062 0.252778
0 0.439844 0.454167 0.060937 0.247222
0 0.348438 0.429630 0.091667 0.301852
0 0.268229 0.449074 0.067708 0.250000
0 0.130729 0.443519 0.070833 0.250000
0 0.052865 0.428241 0.091146 0.293519
0 0.055729 0.831944 0.065625 0.262037
0 0.144271 0.824537 0.068750 0.263889
0 0.257552 0.821296 0.064062 0.270370
0 0.341927 0.828704 0.063021 0.259259
0 0.426302 0.832870 0.059896 0.250926
0 0.515625 0.831944 0.058333 0.262037
0 0.596094 0.851389 0.067187 0.287963
0 0.685677 0.830556 0.063021 0.251852
0 0.771875 0.855556 0.061458 0.266667
0 0.866406 0.843981 0.072396 0.228704
0 0.947396 0.871759 0.064583 0.256481
