0 0.946615 0.361574 0.058854 0.276852
0 0.861979 0.369444 0.067708 0.262963
0 0.776302 0.382870 0.063021 0.234259
0 0.691406 0.350463 0.060937 0.287963
0 0.605469 0.347222 0.066146 0.281481
0 0.522396 0.368056 0.069792 0.245370
0 0.437240 0.369907 0.055729 0.250926
0 0.341927 0.350926 0.086979 0.298148
0 0.268490 0.374537 0.067187 0.241667
0 0.130208 0.375000 0.068750 0.244444
0 0.057552 0.348148 0.090104 0.298148
0 0.052865 0.753704 0.060937 0.264815
0 0.136458 0.753241 0.061458 0.265741
0 0.262500 0.753704 0.065625 0.259259
0 0.348438 0.752778 0.064583 0.268519
0 0.430990 0.750926 0.064062 0.259259
0 0.520312 0.744444 0.060417 0.259259
0 0.601562 0.768056 0.060417 0.306481
0 0.688281 0.728241 0.065104 0.243519
0 0.777604 0.751852 0.066667 0.250000
0 0.869792 0.731944 0.080208 0.226852
0 0.951042 0.768981 0.069792 0.276852
0 0.783073 0.949074 0.061979 0.101852
0 0.696354 0.941667 0.064583 0.116667
0 0.950521 0.960185 0.063542 0.079630
0 0.436198 0.954167 0.060937 0.091667
0 0.260417 0.960185 0.062500 0.079630
0 0.140104 0.960648 0.063542 0.078704
0 0.350000 0.957407 0.059375 0.085185
0 0.517708 0.963426 0.059375 0.073148
