0 0.061979 0.393981 0.067708 0.095370
0 0.144010 0.394907 0.069271 0.099074
0 0.231510 0.389815 0.060937 0.085185
0 0.312760 0.389815 0.063021 0.081481
0 0.397396 0.388889 0.066667 0.083333
0 0.482812 0.393519 0.069792 0.088889
0 0.567969 0.391667 0.063021 0.088889
0 0.652865 0.393519 0.072396 0.092593
0 0.733594 0.390278 0.070312 0.086111
0 0.822917 0.391204 0.071875 0.089815
0 0.908854 0.385648 0.068750 0.071296
0 0.906250 0.673148 0.072917 0.253704
0 0.978125 0.674537 0.043750 0.247222
0 0.980208 0.920833 0.039583 0.156481
0 0.908333 0.921296 0.078125 0.157407
0 0.821094 0.939815 0.072396 0.120370
0 0.738542 0.925926 0.069792 0.148148
0 0.740104 0.697685 0.081250 0.276852
0 0.659896 0.669444 0.079167 0.225926
0 0.653385 0.943056 0.063021 0.113889
0 0.567187 0.687963 0.067708 0.259259
0 0.573177 0.913426 0.073438 0.173148
0 0.485677 0.905093 0.068229 0.189815
0 0.483594 0.675463 0.068229 0.237963
0 0.392708 0.700463 0.067708 0.299074
0 0.401562 0.925926 0.064583 0.148148
0 0.312760 0.928241 0.063021 0.143519
0 0.313281 0.678241 0.060937 0.245370
0 0.225521 0.682870 0.062500 0.252778
0 0.233333 0.921296 0.075000 0.157407
0 0.141667 0.924537 0.063542 0.150926
0 0.143229 0.690278 0.068750 0.256481
0 0.053125 0.686574 0.067708 0.265741
0 0.053646 0.926389 0.064583 0.147222
