0 0.976823 0.451389 0.046354 0.258333
0 0.907031 0.454630 0.078646 0.259259
0 0.825260 0.457407 0.077604 0.257407
0 0.736979 0.477778 0.079167 0.275926
0 0.657031 0.446296 0.075521 0.224074
0 0.565365 0.464352 0.071354 0.256481
0 0.480990 0.450926 0.070312 0.233333
0 0.394792 0.486574 0.064583 0.299074
0 0.314323 0.457870 0.059896 0.247222
0 0.221615 0.463426 0.060937 0.254630
0 0.140365 0.471296 0.069271 0.255556
0 0.055729 0.467593 0.069792 0.255556
0 0.052344 0.762037 0.066146 0.255556
0 0.140625 0.762500 0.061458 0.265741
0 0.229687 0.763889 0.070833 0.274074
0 0.312240 0.763426 0.061979 0.260185
0 0.401823 0.762037 0.060937 0.259259
0 0.485417 0.739815 0.064583 0.298148
0 0.571615 0.737963 0.066146 0.285185
0 0.652604 0.774074 0.065625 0.220370
0 0.740365 0.758796 0.070312 0.256481
0 0.819271 0.772222 0.076042 0.224074
0 0.909635 0.755556 0.082812 0.274074
0 0.978125 0.760648 0.043750 0.262037
