0 0.944010 0.101389 0.069271 0.200926
0 0.857812 0.100926 0.069792 0.200000
0 0.774479 0.102778 0.066667 0.203704
0 0.689583 0.101389 0.069792 0.200926
0 0.602344 0.096759 0.075521 0.191667
0 0.519271 0.096759 0.068750 0.191667
0 0.435677 0.098148 0.063021 0.194444
0 0.341146 0.104167 0.088542 0.206481
0 0.262500 0.101389 0.064583 0.200926
0 0.134375 0.099537 0.063542 0.197222
0 0.058594 0.104167 0.090104 0.206481
0 0.054427 0.451389 0.064062 0.265741
0 0.139844 0.450000 0.064062 0.262963
0 0.261979 0.450463 0.066667 0.256481
0 0.344531 0.453704 0.067187 0.264815
0 0.430990 0.446296 0.064062 0.262963
0 0.517448 0.443519 0.063021 0.257407
0 0.600521 0.468981 0.062500 0.302778
0 0.688802 0.435648 0.066146 0.247222
0 0.776563 0.456019 0.067708 0.262037
0 0.867708 0.434259 0.076042 0.231481
0 0.948177 0.467130 0.076563 0.276852
0 0.859375 0.799074 0.061458 0.305556
0 0.946354 0.801852 0.066667 0.368519
0 0.777865 0.796759 0.066146 0.406481
0 0.687760 0.693981 0.069271 0.230556
0 0.607031 0.718981 0.067187 0.197222
0 0.517708 0.720833 0.065625 0.187963
0 0.437500 0.715278 0.071875 0.206481
0 0.346094 0.711574 0.060937 0.187963
0 0.258594 0.714815 0.063021 0.200000
0 0.141667 0.714815 0.063542 0.188889
0 0.054427 0.717130 0.064062 0.184259
