0 0.063542 0.210648 0.064583 0.134259
0 0.136719 0.212963 0.081771 0.135185
0 0.229427 0.207870 0.061979 0.123148
0 0.314844 0.204630 0.060937 0.118519
0 0.398438 0.206944 0.068750 0.123148
0 0.484375 0.214352 0.069792 0.126852
0 0.570833 0.212963 0.065625 0.135185
0 0.653125 0.214352 0.069792 0.132407
0 0.738542 0.213426 0.071875 0.134259
0 0.863281 0.208333 0.071354 0.133333
0 0.940104 0.212037 0.060417 0.131481
0 0.941667 0.508333 0.084375 0.233333
0 0.857552 0.537037 0.072396 0.277778
0 0.860677 0.821296 0.076563 0.253704
0 0.946615 0.837037 0.069271 0.229630
0 0.737500 0.821759 0.067708 0.263889
0 0.738802 0.536111 0.077604 0.292593
0 0.660417 0.510185 0.081250 0.235185
0 0.568490 0.525000 0.068229 0.259259
0 0.573958 0.803704 0.070833 0.296296
0 0.656250 0.837500 0.065625 0.234259
0 0.488021 0.795833 0.069792 0.312037
0 0.485156 0.505556 0.065104 0.237037
0 0.394271 0.546759 0.068750 0.302778
0 0.401042 0.819444 0.065625 0.259259
0 0.316406 0.518519 0.060937 0.250000
0 0.313542 0.825463 0.063542 0.262037
0 0.233073 0.821759 0.074479 0.271296
0 0.225781 0.525926 0.066146 0.253704
0 0.143229 0.530093 0.068750 0.256481
0 0.055729 0.528241 0.066667 0.263889
0 0.052604 0.824537 0.067708 0.258333
0 0.141927 0.827315 0.066146 0.271296
