0 0.970313 0.248611 0.058333 0.206481
0 0.883854 0.240278 0.068750 0.187963
0 0.799479 0.243519 0.084375 0.188889
0 0.800260 0.598148 0.075521 0.262963
0 0.885938 0.598611 0.078125 0.252778
0 0.967448 0.599074 0.064062 0.248148
0 0.965885 0.902778 0.066146 0.194444
0 0.884375 0.879630 0.082292 0.240741
0 0.800000 0.881019 0.073958 0.237963
0 0.716927 0.880093 0.069271 0.239815
0 0.626302 0.900463 0.074479 0.199074
0 0.715365 0.594907 0.069271 0.254630
0 0.710938 0.244444 0.077083 0.196296
0 0.626302 0.252315 0.069271 0.217593
0 0.539583 0.253704 0.069792 0.216667
0 0.457552 0.257870 0.067187 0.219444
0 0.373177 0.253704 0.072396 0.216667
0 0.286458 0.254630 0.066667 0.212963
0 0.200521 0.249074 0.077083 0.207407
0 0.118229 0.251852 0.072917 0.207407
0 0.033854 0.250463 0.064583 0.208333
0 0.031510 0.607407 0.061979 0.255556
0 0.119271 0.600463 0.060417 0.250926
0 0.199219 0.626852 0.071354 0.296296
0 0.288542 0.590278 0.067708 0.236111
0 0.374219 0.613426 0.067187 0.263889
0 0.464583 0.593519 0.078125 0.222222
0 0.546354 0.625000 0.070833 0.281481
0 0.632292 0.599537 0.076042 0.254630
0 0.542969 0.887963 0.066146 0.224074
0 0.457813 0.901389 0.066667 0.197222
0 0.376302 0.876852 0.069271 0.246296
0 0.289062 0.870370 0.067708 0.259259
0 0.201302 0.890278 0.061979 0.219444
0 0.114323 0.887500 0.063021 0.225000
0 0.036719 0.879630 0.072396 0.235185
