0 0.035156 0.259259 0.060937 0.231481
0 0.121875 0.256019 0.067708 0.219444
0 0.201823 0.256944 0.069271 0.223148
0 0.288281 0.262500 0.072396 0.234259
0 0.374479 0.264815 0.060417 0.231481
0 0.464323 0.266667 0.056771 0.246296
0 0.539844 0.258333 0.070312 0.229630
0 0.625781 0.261111 0.068229 0.231481
0 0.712760 0.257407 0.078646 0.216667
0 0.780208 0.250463 0.040625 0.208333
0 0.867708 0.263889 0.072917 0.231481
0 0.945833 0.263889 0.088542 0.237037
0 0.948958 0.631481 0.067708 0.261111
0 0.861198 0.631481 0.066146 0.262963
0 0.782031 0.616204 0.035937 0.245370
0 0.715625 0.617130 0.080208 0.252778
0 0.627604 0.619907 0.063542 0.256481
0 0.543229 0.643981 0.076042 0.286111
0 0.464583 0.611111 0.078125 0.227778
0 0.372396 0.633796 0.068750 0.247222
0 0.287500 0.612037 0.064583 0.240741
0 0.197917 0.650926 0.069792 0.300000
0 0.119531 0.622685 0.063021 0.250926
0 0.031510 0.625926 0.061979 0.255556
0 0.036979 0.893981 0.072917 0.212037
0 0.117448 0.901389 0.061979 0.197222
0 0.204687 0.900000 0.061458 0.200000
0 0.292187 0.881019 0.065625 0.237963
0 0.379688 0.883333 0.067708 0.233333
0 0.461979 0.913426 0.059375 0.173148
0 0.548177 0.898148 0.059896 0.203704
0 0.627865 0.913426 0.071354 0.173148
0 0.716667 0.893519 0.073958 0.212963
0 0.784375 0.892593 0.034375 0.214815
0 0.857812 0.899537 0.059375 0.200926
0 0.946094 0.895833 0.059896 0.208333
