0 0.319271 0.238426 0.069792 0.080556
0 0.397396 0.266204 0.076042 0.093519
0 0.476823 0.294444 0.060937 0.101852
0 0.563021 0.329630 0.067708 0.090741
0 0.645052 0.363426 0.070312 0.095370
0 0.724740 0.407407 0.065104 0.105556
0 0.808333 0.441667 0.067708 0.116667
0 0.891406 0.477315 0.071354 0.108333
0 0.964844 0.515278 0.066146 0.099074
0 0.933333 0.821296 0.091667 0.290741
0 0.848177 0.753241 0.075521 0.228704
0 0.763281 0.738426 0.084896 0.254630
0 0.684896 0.682407 0.078125 0.235185
0 0.595052 0.679167 0.086979 0.295370
0 0.517708 0.622222 0.072917 0.244444
0 0.432292 0.590741 0.077083 0.250000
0 0.349479 0.556019 0.083333 0.258333
0 0.268229 0.517593 0.085417 0.261111
0 0.234115 0.801852 0.069271 0.257407
0 0.307812 0.840278 0.081250 0.265741
0 0.396615 0.866204 0.095312 0.249074
0 0.479427 0.891204 0.079687 0.217593
0 0.566927 0.909722 0.077604 0.180556
0 0.651823 0.902778 0.082812 0.194444
0 0.741406 0.931019 0.076563 0.137963
0 0.134115 0.576389 0.081771 0.082407
0 0.052083 0.546296 0.076042 0.087037
0 0.029948 0.837500 0.058854 0.258333
0 0.097135 0.865278 0.090104 0.252778
0 0.157812 0.887963 0.038542 0.224074
