0 0.035417 0.240278 0.061458 0.193519
0 0.117188 0.237037 0.070833 0.183333
0 0.202865 0.240278 0.073438 0.182407
0 0.284635 0.243056 0.073438 0.189815
0 0.373698 0.247222 0.069271 0.198148
0 0.457552 0.244907 0.067187 0.197222
0 0.539062 0.241204 0.066667 0.191667
0 0.628646 0.241204 0.068750 0.189815
0 0.711719 0.231481 0.073438 0.166667
0 0.776563 0.227315 0.031250 0.169444
0 0.781771 0.575000 0.031250 0.246296
0 0.717708 0.575463 0.061458 0.243519
0 0.625521 0.575000 0.070833 0.240741
0 0.542708 0.604167 0.078125 0.282407
0 0.463802 0.569444 0.079687 0.225926
0 0.373698 0.589352 0.066146 0.247222
0 0.286719 0.570833 0.066146 0.234259
0 0.198958 0.606944 0.063542 0.300926
0 0.119010 0.583333 0.056771 0.250000
0 0.031250 0.587963 0.055208 0.255556
0 0.036979 0.872685 0.072917 0.250926
0 0.117969 0.877315 0.066146 0.245370
0 0.206250 0.881019 0.065625 0.237963
0 0.290365 0.849537 0.070312 0.300926
0 0.376563 0.864815 0.064583 0.270370
0 0.458854 0.892130 0.066667 0.215741
0 0.544531 0.875463 0.074479 0.249074
0 0.624740 0.890278 0.073438 0.219444
0 0.714844 0.870370 0.085938 0.259259
0 0.779427 0.871759 0.034896 0.256481
