0 0.937500 0.221296 0.071875 0.155556
0 0.854688 0.224537 0.070833 0.156481
0 0.770052 0.223148 0.065104 0.153704
0 0.684896 0.220833 0.070833 0.150926
0 0.600000 0.218519 0.071875 0.144444
0 0.517969 0.216667 0.064062 0.140741
0 0.431510 0.219907 0.059896 0.147222
0 0.335938 0.221296 0.082292 0.157407
0 0.263542 0.218519 0.062500 0.144444
0 0.136979 0.219907 0.065625 0.149074
0 0.061458 0.222222 0.085417 0.157407
0 0.054688 0.548611 0.068750 0.256481
0 0.139583 0.552315 0.064583 0.262037
0 0.257812 0.550926 0.067708 0.262963
0 0.342969 0.551389 0.065104 0.263889
0 0.427604 0.547685 0.064583 0.256481
0 0.516667 0.541667 0.061458 0.250000
0 0.595833 0.565741 0.065625 0.296296
0 0.685417 0.530556 0.067708 0.244444
0 0.770833 0.548611 0.066667 0.250926
0 0.861979 0.531481 0.079167 0.227778
0 0.940365 0.558333 0.077604 0.274074
0 0.942708 0.840741 0.076042 0.253704
0 0.857552 0.859722 0.063021 0.230556
0 0.775521 0.826389 0.070833 0.273148
0 0.688802 0.817593 0.069271 0.318519
0 0.603385 0.841204 0.067187 0.250926
0 0.514844 0.846296 0.060937 0.261111
0 0.432812 0.843981 0.072917 0.275000
0 0.344271 0.844907 0.060417 0.269444
0 0.254688 0.844444 0.067708 0.257407
0 0.145833 0.843056 0.065625 0.258333
0 0.058333 0.842593 0.060417 0.264815
