0 0.262500 0.061111 0.065625 0.120370
0 0.336979 0.059722 0.080208 0.117593
0 0.433594 0.057407 0.060937 0.112963
0 0.517188 0.056019 0.065625 0.110185
0 0.599219 0.056481 0.073438 0.111111
0 0.685677 0.059259 0.069271 0.116667
0 0.770833 0.062037 0.066667 0.122222
0 0.855208 0.062500 0.077083 0.123148
0 0.937500 0.062037 0.073958 0.122222
0 0.942187 0.383333 0.070833 0.277778
0 0.861198 0.354167 0.083854 0.232407
0 0.770573 0.368981 0.066146 0.256481
0 0.684896 0.349537 0.064583 0.234259
0 0.596354 0.384722 0.067708 0.300926
0 0.519010 0.360185 0.063021 0.244444
0 0.426563 0.364815 0.062500 0.259259
0 0.344271 0.370370 0.070833 0.264815
0 0.257812 0.369907 0.068750 0.256481
0 0.255469 0.662963 0.066146 0.255556
0 0.339062 0.664352 0.064583 0.265741
0 0.434896 0.663889 0.068750 0.266667
0 0.516406 0.664352 0.065104 0.254630
0 0.604167 0.662500 0.063542 0.250926
0 0.688802 0.636574 0.071354 0.315741
0 0.772656 0.650463 0.066146 0.287963
0 0.859635 0.675926 0.061979 0.231481
0 0.945833 0.663889 0.067708 0.253704
