0 0.395833 0.100926 0.071875 0.196296
0 0.316406 0.100000 0.086979 0.194444
0 0.220833 0.103704 0.098958 0.194444
0 0.136198 0.099537 0.085938 0.197222
0 0.046615 0.104630 0.069271 0.185185
0 0.046875 0.464815 0.068750 0.238889
0 0.132031 0.468056 0.069271 0.237963
0 0.216406 0.462037 0.067187 0.238889
0 0.305729 0.457407 0.066667 0.220370
0 0.386198 0.481481 0.071354 0.268519
0 0.472396 0.456944 0.069792 0.221296
0 0.559115 0.466667 0.069271 0.246296
0 0.651042 0.449537 0.082292 0.208333
0 0.729688 0.475463 0.078125 0.260185
0 0.813021 0.454630 0.070833 0.222222
0 0.898698 0.457870 0.081771 0.223148
0 0.972396 0.462963 0.055208 0.227778
0 0.973698 0.746759 0.052604 0.258333
0 0.899479 0.755093 0.083333 0.280556
0 0.813542 0.763889 0.073958 0.231481
0 0.732552 0.752315 0.070312 0.256481
0 0.644010 0.769907 0.069271 0.228704
0 0.558073 0.725926 0.077604 0.288889
0 0.476302 0.731481 0.071354 0.314815
0 0.393750 0.750926 0.065625 0.248148
0 0.306510 0.753704 0.067187 0.253704
0 0.225000 0.752778 0.075000 0.268519
0 0.133594 0.756019 0.066146 0.265741
0 0.044792 0.752315 0.072917 0.262037
