0 0.049740 0.801389 0.068229 0.254630
0 0.309375 0.798611 0.069792 0.273148
0 0.048177 0.413426 0.066146 0.265741
0 0.049740 0.125926 0.068229 0.250000
0 0.136458 0.127778 0.070833 0.250000
0 0.219010 0.123148 0.069271 0.244444
0 0.308073 0.117593 0.064062 0.233333
0 0.388021 0.143981 0.070833 0.280556
0 0.475521 0.115278 0.072917 0.228704
0 0.559896 0.126852 0.070833 0.246296
0 0.652865 0.112500 0.083854 0.219444
0 0.732031 0.134722 0.078646 0.267593
0 0.814844 0.118519 0.078646 0.227778
0 0.902083 0.121296 0.085417 0.227778
0 0.973958 0.119444 0.052083 0.233333
0 0.974219 0.411111 0.051562 0.279630
0 0.903906 0.413889 0.089063 0.285185
0 0.815625 0.429630 0.078125 0.238889
0 0.728385 0.412037 0.071354 0.250000
0 0.646094 0.431481 0.072396 0.231481
0 0.561979 0.393981 0.078125 0.299074
0 0.476823 0.392593 0.074479 0.301852
0 0.394010 0.411574 0.066146 0.247222
0 0.306510 0.422222 0.065104 0.261111
0 0.228385 0.414352 0.078646 0.278704
0 0.134896 0.415741 0.064583 0.266667
0 0.139323 0.798148 0.086979 0.262963
0 0.227604 0.799074 0.083333 0.262963
0 0.396354 0.796759 0.075000 0.273148
