0 0.027083 0.202778 0.053125 0.251852
0 0.111198 0.196296 0.066146 0.238889
0 0.189844 0.223148 0.067187 0.288889
0 0.278385 0.191204 0.068229 0.237963
0 0.364323 0.205556 0.066146 0.255556
0 0.456510 0.188889 0.079687 0.233333
0 0.534635 0.214352 0.073438 0.271296
0 0.618490 0.192593 0.074479 0.250000
0 0.704948 0.193981 0.080729 0.256481
0 0.798698 0.189815 0.096354 0.255556
0 0.896615 0.189815 0.080729 0.250000
0 0.972396 0.192130 0.055208 0.234259
0 0.972396 0.515278 0.055208 0.221296
0 0.891927 0.493056 0.076563 0.262037
0 0.800260 0.491204 0.093229 0.265741
0 0.705990 0.492593 0.081771 0.274074
0 0.616667 0.514352 0.069792 0.225000
0 0.537240 0.497685 0.070312 0.265741
0 0.450781 0.515278 0.064062 0.228704
0 0.367969 0.480556 0.070312 0.274074
0 0.282552 0.475926 0.069271 0.303704
0 0.198698 0.500926 0.067187 0.253704
0 0.108854 0.501852 0.062500 0.262963
0 0.035677 0.500000 0.070312 0.277778
