0 0.048438 0.281019 0.068750 0.260185
0 0.131250 0.279167 0.067708 0.265741
0 0.217969 0.277315 0.068229 0.250926
0 0.306510 0.271296 0.064062 0.237037
0 0.386458 0.295833 0.073958 0.293519
0 0.475000 0.263889 0.071875 0.240741
0 0.560417 0.280556 0.069792 0.259259
0 0.651042 0.260185 0.082292 0.229630
0 0.731510 0.290278 0.078646 0.276852
0 0.814323 0.268056 0.075521 0.243519
0 0.901302 0.273611 0.082812 0.249074
0 0.973698 0.271296 0.052604 0.250000
0 0.974740 0.568056 0.050521 0.276852
0 0.902604 0.570370 0.083333 0.275926
0 0.815104 0.584259 0.068750 0.229630
0 0.729427 0.577778 0.072396 0.257407
0 0.643229 0.590741 0.064583 0.222222
0 0.563281 0.554630 0.075521 0.292593
0 0.478906 0.553241 0.066146 0.297222
0 0.391406 0.574537 0.064062 0.247222
0 0.304167 0.575926 0.065625 0.257407
0 0.226562 0.574537 0.077083 0.273148
0 0.132292 0.577778 0.067708 0.261111
0 0.044531 0.569444 0.064062 0.250000
0 0.046875 0.915278 0.066667 0.169444
0 0.136458 0.912037 0.076042 0.175926
0 0.219531 0.915278 0.096354 0.169444
0 0.316667 0.913889 0.080208 0.172222
0 0.396354 0.911111 0.070833 0.177778
