0 0.026302 0.343519 0.051562 0.259259
0 0.109375 0.336111 0.062500 0.250000
0 0.187760 0.360185 0.069271 0.292593
0 0.275781 0.328704 0.069271 0.237037
0 0.361198 0.344444 0.069271 0.261111
0 0.453906 0.324074 0.075521 0.231481
0 0.534375 0.353241 0.080208 0.275000
0 0.613802 0.329630 0.071354 0.242593
0 0.702083 0.326852 0.081250 0.250000
0 0.775000 0.330093 0.051042 0.247222
0 0.775781 0.631944 0.048438 0.269444
0 0.703906 0.633333 0.080729 0.264815
0 0.614583 0.647685 0.073958 0.232407
0 0.535156 0.633333 0.074479 0.257407
0 0.445312 0.650000 0.066667 0.224074
0 0.364844 0.620370 0.079687 0.287037
0 0.278906 0.616204 0.068229 0.310185
0 0.193229 0.639815 0.060417 0.259259
0 0.106771 0.641204 0.061458 0.250926
0 0.033854 0.635185 0.066667 0.281481
0 0.109896 0.943519 0.064583 0.112963
0 0.197656 0.942130 0.072396 0.115741
0 0.033333 0.943056 0.065625 0.113889
