0 0.252083 0.381481 0.067708 0.257407
0 0.337760 0.385185 0.071354 0.261111
0 0.418750 0.381944 0.065625 0.256481
0 0.511198 0.374074 0.064062 0.240741
0 0.590104 0.400463 0.069792 0.293519
0 0.677344 0.369444 0.061979 0.233333
0 0.764844 0.387963 0.064062 0.257407
0 0.854167 0.370833 0.080208 0.226852
0 0.935937 0.398611 0.076042 0.273148
0 0.934115 0.676852 0.076563 0.253704
0 0.848958 0.695370 0.066667 0.216667
0 0.764844 0.659722 0.068229 0.299074
0 0.679427 0.653241 0.068229 0.312037
0 0.598437 0.677778 0.064583 0.255556
0 0.509115 0.679630 0.064062 0.251852
0 0.428646 0.676389 0.077083 0.276852
0 0.335938 0.678241 0.063542 0.267593
0 0.247917 0.677315 0.067708 0.252778
0 0.251563 0.966667 0.062500 0.066667
0 0.332813 0.964352 0.061458 0.071296
0 0.423438 0.964352 0.064583 0.071296
0 0.509896 0.962037 0.068750 0.075926
0 0.599740 0.964352 0.065104 0.071296
