0 0.050000 0.360648 0.067708 0.262037
0 0.136198 0.361111 0.071354 0.259259
0 0.219010 0.362500 0.063021 0.256481
0 0.309896 0.355556 0.060417 0.240741
0 0.390625 0.380093 0.068750 0.300926
0 0.479167 0.350926 0.068750 0.233333
0 0.564323 0.364815 0.065104 0.251852
0 0.654167 0.348148 0.080208 0.225926
0 0.734115 0.373611 0.076563 0.276852
0 0.819271 0.353704 0.077083 0.250000
0 0.902865 0.350926 0.083854 0.255556
0 0.975521 0.351852 0.048958 0.246296
0 0.975781 0.649074 0.048438 0.264815
0 0.902604 0.653704 0.077083 0.279630
0 0.816406 0.668056 0.076563 0.228704
0 0.732031 0.648611 0.074479 0.254630
0 0.646354 0.675926 0.064583 0.222222
0 0.565625 0.642130 0.067708 0.289815
0 0.480990 0.634722 0.065104 0.299074
0 0.394792 0.650926 0.063542 0.250000
0 0.309115 0.661111 0.061979 0.259259
0 0.229687 0.653241 0.075000 0.273148
0 0.135937 0.657407 0.064583 0.264815
0 0.046094 0.655093 0.065104 0.258333
