0 0.047396 0.925000 0.065625 0.150000
0 0.137760 0.923611 0.082812 0.152778
0 0.228385 0.923148 0.085938 0.153704
0 0.311979 0.918519 0.075000 0.162963
0 0.396354 0.921296 0.071875 0.157407
0 0.047656 0.300926 0.071354 0.259259
0 0.135417 0.300926 0.072917 0.259259
0 0.217969 0.299537 0.071354 0.258333
0 0.306250 0.291204 0.063542 0.239815
0 0.386719 0.314815 0.071354 0.290741
0 0.475781 0.288889 0.070312 0.237037
0 0.561198 0.304630 0.069271 0.255556
0 0.651042 0.285648 0.080208 0.230556
0 0.731250 0.313889 0.078125 0.274074
0 0.816406 0.291204 0.079687 0.252778
0 0.899219 0.286111 0.080729 0.251852
0 0.972917 0.287500 0.054167 0.254630
0 0.974219 0.587963 0.051562 0.268519
0 0.902865 0.595370 0.086979 0.277778
0 0.815365 0.606944 0.071354 0.230556
0 0.730208 0.590741 0.070833 0.250000
0 0.643750 0.612963 0.067708 0.224074
0 0.562240 0.570370 0.072396 0.300000
0 0.478385 0.574537 0.068229 0.308333
0 0.394271 0.596296 0.069792 0.246296
0 0.305990 0.596759 0.060937 0.252778
0 0.225781 0.593981 0.075521 0.275000
0 0.134115 0.594907 0.066146 0.267593
0 0.047135 0.594444 0.069271 0.262963
