0 0.972135 0.611111 0.054688 0.240741
0 0.895833 0.610185 0.076042 0.250000
0 0.797917 0.613426 0.095833 0.254630
0 0.706250 0.613426 0.080208 0.254630
0 0.622135 0.612500 0.074479 0.247222
0 0.535677 0.636111 0.080729 0.277778
0 0.455990 0.608333 0.081771 0.233333
0 0.366667 0.625926 0.067708 0.261111
0 0.280469 0.609259 0.068229 0.235185
0 0.191146 0.644444 0.068750 0.294444
0 0.111458 0.615741 0.065625 0.250000
0 0.027083 0.624537 0.053125 0.254630
0 0.034896 0.891204 0.068750 0.217593
0 0.111198 0.898148 0.066146 0.203704
0 0.197656 0.896759 0.068229 0.206481
0 0.283073 0.869444 0.075521 0.261111
0 0.370052 0.877315 0.066146 0.245370
0 0.450781 0.912500 0.064062 0.175000
0 0.535677 0.893981 0.070312 0.212037
0 0.618750 0.909722 0.076042 0.180556
0 0.707812 0.892130 0.083333 0.215741
0 0.799740 0.890741 0.096354 0.218519
0 0.889323 0.890278 0.074479 0.219444
0 0.971875 0.912037 0.055208 0.175926
