0 0.057292 0.361111 0.066667 0.264815
0 0.145313 0.381481 0.070833 0.262963
0 0.228125 0.393981 0.064583 0.254630
0 0.317188 0.404167 0.064583 0.252778
0 0.394531 0.443519 0.076563 0.298148
0 0.481771 0.427778 0.067708 0.242593
0 0.568229 0.457870 0.075000 0.252778
0 0.658594 0.456019 0.078646 0.226852
0 0.736979 0.500000 0.070833 0.283333
0 0.825260 0.497685 0.077604 0.258333
0 0.907031 0.505093 0.077604 0.262037
0 0.979167 0.522222 0.041667 0.266667
0 0.890625 0.809259 0.079167 0.283333
0 0.957552 0.821296 0.039062 0.266667
0 0.803906 0.807870 0.072396 0.236111
0 0.720313 0.783333 0.076042 0.257407
0 0.634635 0.782407 0.071354 0.225926
0 0.554167 0.731481 0.078125 0.290741
0 0.470313 0.716667 0.072917 0.298148
0 0.386979 0.718056 0.072917 0.256481
0 0.298177 0.704630 0.071354 0.259259
0 0.218229 0.683333 0.081250 0.277778
0 0.123958 0.675000 0.073958 0.261111
0 0.038281 0.653704 0.075521 0.257407
