0 0.046354 0.236111 0.067708 0.181481
0 0.130469 0.237500 0.073438 0.178704
0 0.213542 0.233796 0.068750 0.180556
0 0.304688 0.224074 0.063542 0.157407
0 0.384115 0.250926 0.071354 0.216667
0 0.473438 0.222222 0.075000 0.157407
0 0.556250 0.238426 0.071875 0.180556
0 0.647135 0.221296 0.081771 0.150000
0 0.730208 0.244444 0.073958 0.196296
0 0.811719 0.224537 0.070312 0.158333
0 0.897917 0.230093 0.080208 0.163889
0 0.972396 0.229630 0.055208 0.166667
0 0.973177 0.484722 0.053646 0.265741
0 0.898438 0.490278 0.079167 0.280556
0 0.808073 0.499074 0.074479 0.229630
0 0.727604 0.489352 0.076042 0.256481
0 0.643229 0.506944 0.064583 0.217593
0 0.560156 0.465741 0.078646 0.287037
0 0.475260 0.468056 0.069271 0.306481
0 0.389844 0.491204 0.068229 0.252778
0 0.303646 0.493519 0.066667 0.255556
0 0.223958 0.488426 0.073958 0.271296
0 0.132031 0.487500 0.069271 0.265741
0 0.044271 0.489352 0.068750 0.256481
0 0.045052 0.871759 0.065104 0.256481
0 0.132292 0.871759 0.078125 0.256481
0 0.217188 0.867593 0.096875 0.246296
0 0.315885 0.868519 0.086979 0.259259
0 0.395833 0.868981 0.072917 0.262037
