0 0.044271 0.195833 0.064583 0.099074
0 0.130469 0.197222 0.072396 0.096296
0 0.213542 0.192593 0.065625 0.092593
0 0.302083 0.180093 0.062500 0.067593
0 0.380990 0.205556 0.071354 0.125926
0 0.472656 0.181019 0.069271 0.071296
0 0.555469 0.192593 0.066146 0.092593
0 0.641927 0.178704 0.069271 0.064815
0 0.727344 0.201389 0.075521 0.112037
0 0.870052 0.191667 0.066146 0.100000
0 0.954948 0.191204 0.063021 0.095370
0 0.959896 0.406481 0.072917 0.255556
0 0.871615 0.406481 0.063021 0.261111
0 0.725260 0.407407 0.076563 0.253704
0 0.639844 0.423611 0.064062 0.228704
0 0.558854 0.385185 0.066667 0.292593
0 0.473698 0.383333 0.069271 0.296296
0 0.391146 0.407407 0.067708 0.250000
0 0.302604 0.410185 0.062500 0.240741
0 0.221875 0.407870 0.072917 0.265741
0 0.130208 0.407870 0.066667 0.260185
0 0.043229 0.407870 0.065625 0.260185
0 0.043490 0.795370 0.065104 0.250000
0 0.130990 0.791204 0.084896 0.265741
0 0.216667 0.782870 0.096875 0.232407
0 0.313021 0.802778 0.088542 0.296296
0 0.392708 0.809722 0.072917 0.315741
0 0.872396 0.794907 0.078125 0.256481
0 0.957292 0.796296 0.071875 0.250000
0 0.816406 0.771296 0.032813 0.225926
