0 0.928646 0.221759 0.076042 0.156481
0 0.847656 0.197222 0.081771 0.107407
0 0.756771 0.210648 0.069792 0.141667
0 0.668490 0.202315 0.076563 0.113889
0 0.580990 0.232407 0.074479 0.177778
0 0.502865 0.205093 0.068229 0.113889
0 0.413542 0.210648 0.069792 0.130556
0 0.331771 0.213426 0.076042 0.134259
0 0.245312 0.213426 0.070833 0.136111
0 0.154427 0.211111 0.070312 0.135185
0 0.068750 0.214815 0.070833 0.138889
0 0.070312 0.452315 0.064583 0.262037
0 0.158333 0.447685 0.065625 0.252778
0 0.243229 0.448611 0.068750 0.247222
0 0.330990 0.449074 0.067187 0.262963
0 0.421615 0.448611 0.072396 0.265741
0 0.503906 0.451389 0.066146 0.258333
0 0.591927 0.448148 0.065104 0.251852
0 0.676042 0.423611 0.075000 0.313889
0 0.761458 0.423611 0.070833 0.284259
0 0.841406 0.463889 0.068229 0.222222
0 0.926562 0.444444 0.067708 0.253704
0 0.985938 0.457407 0.028125 0.235185
0 0.595052 0.848148 0.064062 0.300000
0 0.514323 0.846759 0.086979 0.295370
0 0.417187 0.823611 0.095833 0.237963
0 0.332552 0.831019 0.081771 0.260185
0 0.244271 0.832407 0.070833 0.251852
0 0.158594 0.833333 0.068229 0.250000
0 0.069531 0.833796 0.082812 0.265741
