0 0.972135 0.238426 0.055729 0.184259
0 0.897396 0.238426 0.079167 0.180556
0 0.811979 0.237963 0.072917 0.177778
0 0.728646 0.253704 0.081250 0.211111
0 0.649219 0.231019 0.082812 0.169444
0 0.554948 0.250463 0.071354 0.197222
0 0.471615 0.234722 0.067187 0.173148
0 0.385417 0.264352 0.072917 0.236111
0 0.304167 0.236111 0.067708 0.181481
0 0.214583 0.244907 0.067708 0.197222
0 0.132812 0.249074 0.071875 0.200000
0 0.045833 0.243056 0.071875 0.199074
0 0.042448 0.511574 0.068229 0.249074
0 0.132031 0.510648 0.065104 0.265741
0 0.225521 0.508333 0.076042 0.262963
0 0.305729 0.513426 0.065625 0.265741
0 0.392708 0.512500 0.067708 0.252778
0 0.476823 0.487963 0.071354 0.309259
0 0.562240 0.489352 0.069271 0.287963
0 0.645833 0.529630 0.066667 0.218519
0 0.730208 0.512037 0.073958 0.255556
0 0.810677 0.525000 0.072396 0.229630
0 0.900781 0.512963 0.083854 0.279630
0 0.973177 0.501852 0.053646 0.262963
0 0.394271 0.881019 0.068750 0.237963
0 0.316146 0.880093 0.087500 0.239815
0 0.216667 0.881944 0.094792 0.236111
0 0.131510 0.881481 0.080729 0.237037
0 0.045312 0.884259 0.070833 0.231481
