0 0.394010 0.833333 0.073438 0.324074
0 0.314063 0.826852 0.087500 0.300000
0 0.215885 0.806481 0.098437 0.240741
0 0.127083 0.816204 0.083333 0.256481
0 0.043490 0.813889 0.069271 0.262963
0 0.042708 0.423611 0.071875 0.245370
0 0.130208 0.425000 0.063542 0.266667
0 0.219010 0.424537 0.073438 0.269444
0 0.302865 0.430093 0.070312 0.260185
0 0.388802 0.429167 0.066146 0.252778
0 0.474479 0.401389 0.067708 0.308333
0 0.558333 0.404630 0.070833 0.296296
0 0.642969 0.443981 0.067187 0.230556
0 0.726562 0.427315 0.071875 0.256481
0 0.807292 0.437037 0.073958 0.231481
0 0.897396 0.421296 0.083333 0.262963
0 0.971094 0.416667 0.057813 0.259259
0 0.553385 0.200926 0.074479 0.111111
0 0.646875 0.189815 0.084375 0.088889
0 0.728385 0.213889 0.074479 0.137037
0 0.809115 0.192130 0.073438 0.097222
0 0.895312 0.198148 0.078125 0.098148
0 0.973177 0.196759 0.053646 0.097222
0 0.467969 0.187500 0.071354 0.089815
0 0.380208 0.222222 0.071875 0.148148
0 0.302344 0.193519 0.066146 0.094444
0 0.213802 0.202778 0.066146 0.112963
0 0.129948 0.204167 0.069271 0.115741
0 0.046094 0.202315 0.070312 0.119444
