0 0.039062 0.350926 0.077083 0.261111
0 0.126562 0.317130 0.077083 0.254630
0 0.212760 0.290278 0.089063 0.276852
0 0.295573 0.262963 0.081771 0.261111
0 0.378385 0.225463 0.085938 0.247222
0 0.455990 0.173148 0.092188 0.301852
0 0.542969 0.144907 0.084896 0.275000
0 0.627604 0.156019 0.078125 0.213889
0 0.706250 0.117593 0.086458 0.229630
0 0.789323 0.103241 0.084896 0.200926
0 0.876563 0.091667 0.081250 0.181481
0 0.427865 0.624074 0.091146 0.309259
0 0.342708 0.644444 0.098958 0.287037
0 0.251823 0.655556 0.090104 0.240741
0 0.166406 0.676389 0.082812 0.223148
0 0.082031 0.700000 0.081771 0.200000
0 0.952865 0.072222 0.052604 0.142593
