0 0.724479 0.346296 0.072917 0.259259
0 0.786458 0.355556 0.030208 0.222222
0 0.638021 0.361111 0.068750 0.216667
0 0.556510 0.318981 0.070312 0.289815
0 0.471615 0.324537 0.077604 0.310185
0 0.390365 0.341667 0.069271 0.250000
0 0.299740 0.345833 0.064062 0.247222
0 0.219792 0.345833 0.078125 0.271296
0 0.128906 0.341204 0.066146 0.267593
0 0.039844 0.339815 0.066146 0.253704
0 0.041146 0.725926 0.067708 0.251852
0 0.127604 0.729167 0.079167 0.260185
0 0.214844 0.716204 0.095312 0.241667
0 0.311979 0.739815 0.085417 0.288889
0 0.392448 0.748611 0.069271 0.312037
