0 0.070573 0.362963 0.064062 0.268519
0 0.159115 0.360185 0.068229 0.266667
0 0.241406 0.366204 0.069271 0.249074
0 0.329427 0.362963 0.064062 0.268519
0 0.421615 0.364352 0.076563 0.276852
0 0.501563 0.367593 0.066667 0.246296
0 0.588021 0.365278 0.067708 0.252778
0 0.671875 0.343519 0.072917 0.303704
0 0.759635 0.343519 0.068229 0.290741
0 0.838542 0.382407 0.065625 0.222222
0 0.924479 0.364352 0.070833 0.258333
0 0.983594 0.377315 0.032813 0.226852
0 0.592708 0.770370 0.071875 0.311111
0 0.512760 0.759259 0.089063 0.287037
0 0.415885 0.736111 0.096354 0.244444
0 0.329948 0.751389 0.080729 0.252778
0 0.241927 0.747685 0.067187 0.247222
0 0.157812 0.749074 0.065625 0.257407
0 0.072135 0.743519 0.084896 0.262963
