0 0.031510 0.265278 0.061979 0.269444
0 0.104167 0.272222 0.063542 0.259259
0 0.191406 0.269444 0.066146 0.253704
0 0.180990 0.067130 0.071354 0.132407
0 0.274479 0.245833 0.069792 0.304630
0 0.360156 0.252315 0.074479 0.300926
0 0.441927 0.281944 0.070312 0.215741
0 0.528125 0.268981 0.072917 0.252778
0 0.611458 0.281481 0.072917 0.229630
0 0.700260 0.270370 0.081771 0.281481
0 0.801823 0.260648 0.118229 0.262037
0 0.901823 0.266667 0.074479 0.272222
0 0.975781 0.286111 0.048438 0.214815
0 0.193490 0.660648 0.068229 0.284259
0 0.114323 0.658333 0.086979 0.288889
0 0.034375 0.648148 0.067708 0.250000
0 0.526042 0.059259 0.073958 0.116667
0 0.699740 0.045833 0.070312 0.089815
0 0.357031 0.051389 0.070312 0.100926
0 0.896094 0.046759 0.073438 0.091667
0 0.800260 0.040741 0.103646 0.079630
0 0.977865 0.042593 0.044271 0.083333
0 0.444792 0.040741 0.065625 0.079630
0 0.271615 0.042130 0.072396 0.082407
0 0.105729 0.042130 0.062500 0.082407
0 0.026042 0.050463 0.051042 0.099074
