0 0.394792 0.890278 0.071875 0.219444
0 0.316667 0.889352 0.088542 0.221296
0 0.218229 0.893981 0.101042 0.212037
0 0.130208 0.892593 0.073958 0.214815
0 0.045052 0.895833 0.066146 0.208333
0 0.044271 0.531944 0.067708 0.260185
0 0.133594 0.535648 0.066146 0.269444
0 0.223177 0.533333 0.078646 0.274074
0 0.304688 0.538889 0.067708 0.255556
0 0.391927 0.532870 0.069271 0.256481
0 0.476042 0.511111 0.067708 0.312963
0 0.562500 0.512963 0.068750 0.290741
0 0.643229 0.546296 0.064583 0.231481
0 0.729948 0.532407 0.075521 0.259259
0 0.813021 0.545833 0.075000 0.232407
0 0.901302 0.531944 0.083854 0.278704
0 0.974219 0.528704 0.051562 0.266667
0 0.899740 0.250000 0.081771 0.209259
0 0.973698 0.248611 0.052604 0.206481
0 0.812500 0.249074 0.071875 0.205556
0 0.727604 0.264815 0.077083 0.237037
0 0.649219 0.243056 0.083854 0.199074
0 0.558333 0.258333 0.073958 0.218519
0 0.473177 0.244907 0.071354 0.197222
0 0.385417 0.271296 0.072917 0.250000
0 0.303646 0.248148 0.066667 0.203704
0 0.215625 0.252778 0.067708 0.218519
0 0.129427 0.256944 0.064062 0.221296
0 0.046094 0.259259 0.070312 0.222222
