0 0.387240 0.575926 0.066146 0.292593
0 0.309896 0.572222 0.088542 0.283333
0 0.212500 0.550000 0.095833 0.235185
0 0.125521 0.556944 0.081250 0.243519
0 0.039844 0.561574 0.070312 0.247222
0 0.036979 0.226852 0.067708 0.157407
0 0.126562 0.226389 0.066667 0.167593
0 0.211979 0.229630 0.066667 0.166667
0 0.296875 0.225926 0.066667 0.164815
0 0.383854 0.227315 0.069792 0.162037
0 0.467969 0.233796 0.067187 0.171296
0 0.552344 0.228704 0.072396 0.161111
0 0.635156 0.227315 0.066146 0.162037
0 0.720573 0.228704 0.073438 0.161111
0 0.802344 0.225926 0.073438 0.159259
0 0.894271 0.228704 0.082292 0.161111
0 0.971615 0.226389 0.056771 0.160185
