0 0.036198 0.403241 0.066146 0.115741
0 0.123177 0.405556 0.065104 0.124074
0 0.211458 0.408796 0.067708 0.123148
0 0.294271 0.404630 0.067708 0.116667
0 0.382812 0.406481 0.064583 0.125926
0 0.469010 0.408333 0.079687 0.124074
0 0.549740 0.406944 0.074479 0.121296
0 0.634896 0.404167 0.070833 0.117593
0 0.717708 0.402778 0.073958 0.114815
0 0.804167 0.405556 0.078125 0.111111
0 0.890625 0.410648 0.083333 0.123148
0 0.966927 0.399537 0.066146 0.104630
0 0.389844 0.736574 0.060937 0.293519
0 0.309115 0.730556 0.086979 0.281481
0 0.211458 0.706019 0.098958 0.230556
0 0.123958 0.713889 0.078125 0.246296
0 0.037240 0.717130 0.065104 0.247222
