0 0.036979 0.238426 0.064583 0.184259
0 0.126562 0.239815 0.068750 0.183333
0 0.216667 0.240278 0.072917 0.187963
0 0.295573 0.236574 0.064062 0.176852
0 0.384115 0.232870 0.069271 0.178704
0 0.467969 0.239815 0.074479 0.187037
0 0.550781 0.233796 0.076563 0.162037
0 0.635938 0.235648 0.070833 0.178704
0 0.723177 0.235648 0.071354 0.178704
0 0.804688 0.233796 0.075000 0.171296
0 0.895052 0.234259 0.074479 0.175926
0 0.972396 0.232407 0.055208 0.174074
0 0.388021 0.599537 0.068750 0.295370
0 0.311198 0.593519 0.086979 0.283333
0 0.212240 0.565741 0.097396 0.240741
0 0.122656 0.575926 0.077604 0.257407
0 0.038542 0.578704 0.067708 0.240741
