0 0.034375 0.442130 0.067708 0.252778
0 0.117188 0.452778 0.081250 0.257407
0 0.208073 0.457407 0.093229 0.238889
0 0.304948 0.491204 0.081771 0.295370
0 0.383073 0.510648 0.068229 0.308333
0 0.645312 0.161111 0.070833 0.220370
0 0.731250 0.150000 0.072917 0.255556
0 0.810156 0.175463 0.074479 0.225000
0 0.902344 0.174537 0.079687 0.286111
0 0.973177 0.185648 0.053646 0.258333
0 0.565104 0.128704 0.079167 0.250000
0 0.479948 0.128704 0.072396 0.255556
0 0.395833 0.119907 0.069792 0.237963
0 0.306771 0.112963 0.062500 0.224074
0 0.228125 0.112963 0.076042 0.224074
0 0.136979 0.104167 0.070833 0.206481
0 0.048177 0.093056 0.073438 0.184259
