0 0.920052 0.477315 0.075521 0.256481
0 0.981510 0.496759 0.036979 0.237963
0 0.836458 0.498611 0.067708 0.230556
0 0.755729 0.474537 0.070833 0.262037
0 0.670312 0.483333 0.076042 0.274074
0 0.587500 0.483796 0.070833 0.256481
0 0.501302 0.486111 0.069271 0.250000
0 0.417448 0.480556 0.074479 0.268519
0 0.327344 0.480093 0.070312 0.267593
0 0.239583 0.483333 0.069792 0.261111
0 0.160677 0.480093 0.074479 0.256481
0 0.072656 0.479630 0.066146 0.264815
0 0.069271 0.863426 0.086458 0.254630
0 0.157552 0.865278 0.069271 0.241667
0 0.241406 0.867130 0.070312 0.252778
0 0.327344 0.864352 0.080729 0.258333
0 0.414844 0.855556 0.096354 0.235185
0 0.511979 0.863426 0.087500 0.263889
0 0.590365 0.867130 0.068229 0.265741
