0 0.036458 0.215278 0.062500 0.143519
0 0.123958 0.219444 0.067708 0.142593
0 0.211719 0.218056 0.070312 0.145370
0 0.295833 0.215278 0.070833 0.137963
0 0.382552 0.216667 0.071354 0.138889
0 0.469010 0.219907 0.072396 0.147222
0 0.552083 0.215278 0.077083 0.137963
0 0.636979 0.213426 0.076042 0.130556
0 0.721094 0.217593 0.074479 0.138889
0 0.802344 0.213889 0.076563 0.135185
0 0.891667 0.224074 0.085417 0.150000
0 0.969010 0.221759 0.061979 0.147222
0 0.386979 0.562963 0.066667 0.303704
0 0.308594 0.550000 0.086979 0.283333
0 0.212500 0.526852 0.095833 0.225926
0 0.122656 0.532870 0.078646 0.250926
0 0.036979 0.536111 0.067708 0.248148
