0 0.376823 0.571759 0.093229 0.300926
0 0.294792 0.530556 0.090625 0.292593
0 0.208333 0.463889 0.103125 0.229630
0 0.118490 0.434722 0.086979 0.243519
0 0.040365 0.406481 0.079687 0.248148
0 0.085417 0.080093 0.076042 0.154630
0 0.171094 0.102778 0.077604 0.190741
0 0.263281 0.142593 0.089063 0.196296
0 0.341927 0.175000 0.076563 0.187037
0 0.422656 0.218056 0.078646 0.195370
0 0.508073 0.251852 0.084896 0.200000
0 0.591927 0.285648 0.090104 0.182407
0 0.666927 0.318519 0.079687 0.185185
0 0.750000 0.357870 0.084375 0.187963
0 0.830729 0.391667 0.088542 0.185185
0 0.916927 0.431481 0.094271 0.188889
0 0.976562 0.454630 0.046875 0.190741
