0 0.590625 0.503704 0.069792 0.303704
0 0.510417 0.499074 0.089583 0.298148
0 0.415625 0.477315 0.094792 0.236111
0 0.328385 0.484259 0.082812 0.259259
0 0.241667 0.484259 0.069792 0.255556
0 0.241406 0.113889 0.069271 0.225926
0 0.329427 0.113889 0.064062 0.225926
0 0.419010 0.121296 0.075521 0.240741
0 0.501042 0.113889 0.067708 0.225926
0 0.585156 0.118056 0.070312 0.234259
0 0.671094 0.119444 0.074479 0.237037
0 0.757812 0.116667 0.075000 0.231481
0 0.839323 0.119444 0.067187 0.218519
0 0.924219 0.115278 0.077604 0.228704
0 0.983594 0.113889 0.032813 0.218519
0 0.595573 0.963426 0.058854 0.073148
