0 0.058333 0.763426 0.075000 0.241667
0 0.142448 0.742130 0.076563 0.256481
0 0.230208 0.702778 0.094792 0.238889
0 0.323437 0.699074 0.095833 0.292593
0 0.409635 0.680556 0.085938 0.296296
0 0.031510 0.409259 0.061979 0.205556
0 0.108594 0.381019 0.074479 0.215741
0 0.193229 0.357407 0.083333 0.218519
0 0.279167 0.330093 0.078125 0.215741
0 0.364583 0.299537 0.077083 0.215741
0 0.447396 0.276852 0.083333 0.220370
0 0.527865 0.247685 0.080729 0.215741
0 0.610677 0.215741 0.071354 0.218519
0 0.695312 0.192130 0.077083 0.210185
0 0.776302 0.168056 0.082812 0.210185
0 0.859896 0.143981 0.088542 0.206481
0 0.928385 0.117593 0.060937 0.198148
