0 0.389844 0.466667 0.071354 0.303704
0 0.310937 0.457407 0.087500 0.290741
0 0.213802 0.436111 0.097396 0.235185
0 0.128385 0.441204 0.079687 0.252778
0 0.039844 0.445370 0.072396 0.251852
0 0.039062 0.094444 0.066667 0.187037
0 0.125521 0.101389 0.069792 0.200926
0 0.215625 0.096296 0.076042 0.190741
0 0.296615 0.094444 0.068229 0.187037
0 0.384635 0.095370 0.072396 0.188889
0 0.470313 0.099074 0.072917 0.196296
0 0.554688 0.108796 0.073958 0.215741
0 0.637760 0.097685 0.064062 0.193519
0 0.723698 0.094907 0.075521 0.187963
0 0.803385 0.096296 0.076563 0.190741
0 0.892969 0.101389 0.081771 0.200926
0 0.967448 0.093519 0.064062 0.185185
