0 0.913487 0.303249 0.112389 0.202166
0 0.844224 0.445247 0.211187 0.361011
0 0.705175 0.453670 0.118139 0.219013
0 0.621537 0.185921 0.107684 0.196149
0 0.564036 0.259928 0.098275 0.182912
0 0.372452 0.131167 0.100889 0.190132
0 0.288029 0.160048 0.092002 0.175692
0 0.520910 0.345969 0.105071 0.196149
0 0.435180 0.383875 0.091479 0.170878
0 0.546785 0.555957 0.105593 0.192539
0 0.702039 0.620939 0.101411 0.185319
0 0.842656 0.669073 0.107684 0.202166
0 0.830110 0.836342 0.106639 0.180505
0 0.697073 0.795427 0.111343 0.204573
0 0.947726 0.853791 0.104548 0.208183
