0 0.132760 0.200466 0.114241 0.121212
0 0.539645 0.093823 0.111111 0.120047
0 0.077986 0.391026 0.154930 0.155012
0 0.345853 0.416667 0.131455 0.120047
0 0.499478 0.428904 0.111111 0.111888
0 0.645279 0.427156 0.114763 0.108392
0 0.786385 0.434732 0.115284 0.107226
0 0.955138 0.418415 0.089724 0.128205
0 0.935837 0.576340 0.117893 0.103730
0 0.785863 0.577506 0.144497 0.124709
0 0.615806 0.573427 0.113198 0.097902
0 0.478091 0.569930 0.112154 0.109557
0 0.350809 0.567016 0.119457 0.117716
0 0.190923 0.552448 0.123109 0.116550
0 0.041732 0.557110 0.082420 0.104895
0 0.051122 0.705128 0.101200 0.114219
0 0.184664 0.706876 0.125196 0.124709
0 0.440271 0.698718 0.119979 0.115385
0 0.607199 0.705128 0.119979 0.111888
0 0.770214 0.723776 0.126761 0.114219
0 0.924883 0.712121 0.118936 0.114219
0 0.954877 0.870629 0.090245 0.139860
0 0.805425 0.862471 0.114763 0.130536
0 0.635889 0.879953 0.116849 0.128205
0 0.237350 0.865967 0.336985 0.165501
