0 0.640104 0.813801 0.135417 0.166484
0 0.700521 0.751917 0.088542 0.117196
0 0.752604 0.671961 0.088542 0.123768
0 0.775781 0.562432 0.093229 0.130340
0 0.886979 0.763417 0.096875 0.124863
0 0.838802 0.828587 0.097396 0.136911
0 0.811719 0.927711 0.091146 0.124863
0 0.972396 0.938664 0.055208 0.116101
0 0.951302 0.688938 0.097396 0.142388
0 0.886198 0.494524 0.227604 0.253012
0 0.925521 0.163198 0.090625 0.120482
0 0.722656 0.032859 0.090104 0.063527
0 0.604948 0.299562 0.088021 0.088719
0 0.613021 0.457831 0.093750 0.135816
0 0.453646 0.094743 0.091667 0.115005
0 0.465625 0.366922 0.093750 0.129244
0 0.428646 0.450712 0.093750 0.128149
0 0.562500 0.537240 0.089583 0.117196
0 0.524740 0.618839 0.092188 0.120482
0 0.229427 0.811610 0.104688 0.135816
0 0.158854 0.889376 0.110417 0.129244
0 0.221875 0.525739 0.090625 0.118291
0 0.275521 0.455093 0.093750 0.128149
0 0.272396 0.341183 0.086458 0.112815
0 0.341146 0.272727 0.091667 0.127054
0 0.365365 0.190033 0.092188 0.104053
0 0.174479 0.076670 0.089583 0.111720
0 0.150260 0.145674 0.095312 0.116101
0 0.095312 0.224535 0.090625 0.118291
0 0.042708 0.303943 0.084375 0.106243
0 0.048438 0.410186 0.093750 0.121577
0 0.040365 0.063527 0.079687 0.120482
